$hessian                                                                        
        0.4828213831   0.0101894301   0.0001460935  -0.2313723744   0.0143411944
       -0.0000291994  -0.0168291632   0.0034885727  -0.0000026502  -0.0017811120
        0.0007944128  -0.0000054631  -0.0059551979  -0.0018812404  -0.0000249703
       -0.0244544007  -0.0037635646  -0.0000449434  -0.0812227380  -0.0896741306
       -0.0005750900  -0.0602501473   0.0331235580   0.0574229836  -0.0602828234
        0.0337785321  -0.0568974661   0.0006902210  -0.0006669657  -0.0000009502
       -0.0005534168  -0.0003479849  -0.0000010672  -0.0007837634   0.0006471733
        0.0000119587  -0.0002140709  -0.0002086041   0.0000027158   0.0003676142
        0.0003610309   0.0000019637  -0.0002474554  -0.0002460622   0.0000007048
        0.0000118211   0.0000648869  -0.0000029213   0.0000556240  -0.0000002388
       -0.0000016988
        0.0101894301   0.5264298621   0.0003072058   0.0116742150  -0.0677105566
       -0.0000112769   0.0217807829  -0.0016135211   0.0000161160   0.0032063194
       -0.0040766252  -0.0000320212  -0.0022454893  -0.0057974042  -0.0000587569
       -0.0269966870   0.0067221334   0.0000104737  -0.0885372799  -0.2474901393
       -0.0012824087   0.0352308783  -0.1027143056  -0.0981701812   0.0359073671
       -0.1051644481   0.0992173608   0.0005091032   0.0003600323  -0.0000009280
        0.0011021100   0.0005744403  -0.0000007056  -0.0018310519   0.0004917233
       -0.0000035713  -0.0001490590  -0.0001483750   0.0000022371   0.0003033619
        0.0002952978   0.0000033789  -0.0001640024  -0.0001629383   0.0000013679
        0.0000044927   0.0000146264   0.0000025185   0.0000155090  -0.0000098021
       -0.0000008090
        0.0001460935   0.0003072058   0.4908005304  -0.0000155157   0.0000068880
       -0.0564285958   0.0000472228  -0.0000115075   0.0004781294  -0.0000072692
       -0.0000363458   0.0056166122  -0.0000615880  -0.0000325984   0.0054887429
       -0.0001182127   0.0000309685  -0.0055570121  -0.0005654208  -0.0012905641
       -0.0437900975   0.0600952323  -0.0984014914  -0.2002720249  -0.0595168334
        0.0994365263  -0.1975570646   0.0000015378   0.0000015785  -0.0005678815
        0.0000010728  -0.0000007260   0.0002404043  -0.0000057563  -0.0000103298
        0.0015407174   0.0000064669   0.0000100113   0.0000177851  -0.0000196988
       -0.0000190307  -0.0000039237   0.0000118582   0.0000103995   0.0000109701
        0.0000006518  -0.0000008897  -0.0000200987   0.0000001589  -0.0000000945
        0.0000028071
       -0.2313723744   0.0116742150  -0.0000155157   0.7693284418   0.0169122882
        0.0009630005  -0.1529268566   0.1218979435   0.0001668148  -0.0499779468
        0.0077319772  -0.0000903509  -0.0844414993  -0.0313996529  -0.0003587225
       -0.1886973064  -0.1266056850  -0.0006982012  -0.0174473372  -0.0038189897
       -0.0000212864  -0.0179761490   0.0063983532   0.0049534939  -0.0178585650
        0.0064438239  -0.0048612249   0.0061158174  -0.0096767746  -0.0000119946
       -0.0048272803  -0.0038940186  -0.0000435493  -0.0098709985   0.0044183231
        0.0000197774   0.0001474586   0.0002309507   0.0000016132  -0.0005089554
       -0.0006288842  -0.0000040328   0.0003474869   0.0003564945   0.0000010551
       -0.0001278550  -0.0000880722   0.0000011054   0.0000939191   0.0000477078
       -0.0000019820
        0.0143411944  -0.0677105566   0.0000068880   0.0169122882   0.5897440366
        0.0014741522   0.0589426376  -0.2180425465  -0.0004274238   0.0758487519
        0.0453160007   0.0002684908  -0.0526488103  -0.0291206231   0.0000291126
       -0.1331823391  -0.2990968403  -0.0011915909  -0.0294907737  -0.0006005531
       -0.0000093393   0.0169900400  -0.0013228496  -0.0015533447   0.0173172050
       -0.0013994012   0.0015361917   0.0118010562  -0.0164769215   0.0000109856
        0.0006427616  -0.0022234136  -0.0000384049   0.0026550126   0.0009388725
       -0.0001117477  -0.0004914255  -0.0003954068   0.0000086571   0.0008829247
        0.0008571099   0.0000063348  -0.0006064662  -0.0005750823  -0.0000030791
       -0.0001475016   0.0001780740  -0.0000025518   0.0002334442  -0.0000698990
       -0.0000033304
       -0.0000291994  -0.0000112769  -0.0564285958   0.0009630005   0.0014741522
        0.1569742344  -0.0000490799  -0.0002706227  -0.0546807429   0.0001575134
        0.0001710045   0.0031493860  -0.0004135508  -0.0001551875   0.0087849546
       -0.0006609869  -0.0010725473  -0.0654902358  -0.0001809098  -0.0000027514
        0.0001636433   0.0248933251  -0.0024922305   0.0001731325  -0.0246811810
        0.0024752705   0.0001974362   0.0000542788  -0.0000628336  -0.0036597665
       -0.0000175809  -0.0000417905   0.0068541398  -0.0000351365  -0.0000111600
        0.0039301864  -0.0000464902  -0.0000446033  -0.0001237376   0.0001019479
        0.0000990716   0.0000533841  -0.0000573208  -0.0000555977  -0.0000170905
       -0.0000008868   0.0000018986   0.0000634457   0.0000022573  -0.0000007960
        0.0000562260
       -0.0168291632   0.0217807829   0.0000472228  -0.1529268566   0.0589426376
       -0.0000490799   0.6092364515   0.1238630262   0.0013359715  -0.3484748175
       -0.0662437034  -0.0009496915  -0.0375119687  -0.0748407638  -0.0001300991
        0.0361009964   0.0311064927   0.0001129633   0.0016749510   0.0011027686
        0.0000089307  -0.0025165015   0.0008255834  -0.0004260911  -0.0025437378
        0.0008242431   0.0004315499  -0.0718060478  -0.0894464837  -0.0002385851
       -0.0161089010  -0.0080144851  -0.0000758260   0.0017820695   0.0001733109
       -0.0000640704  -0.0005724445  -0.0005442491   0.0000092101   0.0010602176
        0.0010336037   0.0000064368  -0.0007158542  -0.0006992302  -0.0000035022
       -0.0000488043   0.0002135446  -0.0000074722   0.0002004111  -0.0000770786
       -0.0000078677
        0.0034885727  -0.0016135211  -0.0000115075   0.1218979435  -0.2180425465
       -0.0002706227   0.1238630262   0.7628790882   0.0021477723  -0.1160131653
       -0.1189993424  -0.0004754818  -0.0177395591  -0.0438145109  -0.0003284616
       -0.0414503624  -0.0881435632  -0.0004345144  -0.0015977745   0.0010369237
        0.0000026765  -0.0007894078   0.0002407782   0.0004054060  -0.0007831473
        0.0002496623  -0.0003992071  -0.0874122912  -0.2931050960  -0.0007438730
        0.0140344700   0.0062333539   0.0000598367   0.0025382172  -0.0068104348
        0.0000594442  -0.0002990027  -0.0004206443   0.0000042826   0.0004367638
        0.0005184403  -0.0000008212  -0.0002861916  -0.0003014128  -0.0000022331
        0.0000610414   0.0001800256  -0.0000072125   0.0000508671  -0.0000872001
       -0.0000054835
       -0.0000026502   0.0000161160   0.0004781294   0.0001668148  -0.0004274238
       -0.0546807429   0.0013359715   0.0021477723   0.1046179757  -0.0010162640
       -0.0003589589  -0.0474387751  -0.0001459576  -0.0003390253   0.0067375954
       -0.0000664027  -0.0002668747   0.0162363604   0.0000018120   0.0000073255
       -0.0001822169   0.0011744174  -0.0000037025  -0.0003704006  -0.0011906010
        0.0000229141  -0.0003687499  -0.0002698366  -0.0007675976  -0.0264030165
        0.0000233971   0.0000171605  -0.0028115067  -0.0000103962  -0.0000465827
        0.0041910047  -0.0000344386  -0.0000376691  -0.0000020534   0.0000786135
        0.0000769091  -0.0000021709  -0.0000449492  -0.0000424325  -0.0000067619
       -0.0000000368   0.0000025319   0.0000238486   0.0000005067  -0.0000004622
       -0.0000185190
       -0.0017811120   0.0032063194  -0.0000072692  -0.0499779468   0.0758487519
        0.0001575134  -0.3484748175  -0.1160131653  -0.0010162640   0.7895055269
       -0.0851379972   0.0011148382  -0.0674416970   0.0084503675  -0.0002447135
       -0.0636469950   0.0187523058  -0.0001155914   0.0002659232   0.0001197637
       -0.0000028772  -0.0009842493   0.0000307794  -0.0003348420  -0.0009914675
        0.0000296748   0.0003381098  -0.0055220033  -0.0000541651  -0.0000220034
       -0.2518888643   0.1171170755   0.0001182029   0.0011166535  -0.0222533418
        0.0000050934  -0.0000252009  -0.0001480491   0.0000073490  -0.0000618234
        0.0000647207  -0.0000005611  -0.0000530029  -0.0000414461  -0.0000016116
       -0.0000772750   0.0002045015   0.0000012702   0.0000383510  -0.0001760956
        0.0000033563
        0.0007944128  -0.0040766252  -0.0000363458   0.0077319772   0.0453160007
        0.0001710045  -0.0662437034  -0.1189993424  -0.0003589589  -0.0851379972
        0.6173928607   0.0017029848   0.0210392432  -0.3408901399  -0.0012495080
        0.0289725465  -0.0706019929  -0.0001522766  -0.0006122315  -0.0000598013
        0.0000012682  -0.0000310405  -0.0001047595   0.0002776333  -0.0000287957
       -0.0001024666  -0.0002767845  -0.0249245084  -0.0057068275  -0.0000345159
        0.1199030427  -0.1067680355  -0.0001584811  -0.0016405471  -0.0155948489
        0.0000858833   0.0010396566   0.0009317033  -0.0000046893  -0.0016220931
       -0.0015101411  -0.0000057345   0.0010821819   0.0010378363   0.0000040841
        0.0000790943  -0.0003046701   0.0000156294  -0.0004012383   0.0000412500
        0.0000188070
       -0.0000054631  -0.0000320212   0.0056166122  -0.0000903509   0.0002684908
        0.0031493860  -0.0009496915  -0.0004754818  -0.0474387751   0.0011148382
        0.0017029848   0.1040250905  -0.0001266593  -0.0008888115  -0.0418504628
       -0.0000193523  -0.0002456427   0.0134975385  -0.0000017015   0.0000003497
       -0.0000592875  -0.0011636912   0.0003923200   0.0001158583   0.0011532262
       -0.0003917189   0.0001170179  -0.0000689201  -0.0000080986  -0.0045701330
        0.0001018918  -0.0001267451  -0.0249363015   0.0000553873  -0.0001956205
       -0.0076686229  -0.0000191500  -0.0000239050  -0.0000673369   0.0000481515
        0.0000475527   0.0000250933  -0.0000274103  -0.0000251243  -0.0000201788
       -0.0000016475   0.0000031666   0.0000723177   0.0000005427  -0.0000016951
       -0.0000078158
       -0.0059551979  -0.0022454893  -0.0000615880  -0.0844414993  -0.0526488103
       -0.0004135508  -0.0375119687  -0.0177395591  -0.0001459576  -0.0674416970
        0.0210392432  -0.0001266593   0.7150471035   0.1343258513   0.0039342665
       -0.2674366838   0.0612364333  -0.0001533054  -0.0013147267   0.0009196050
        0.0000049042  -0.0014397616  -0.0004278305   0.0004462373  -0.0014392522
       -0.0004236933  -0.0004464651  -0.0060559288   0.0011605915  -0.0000161270
       -0.0014549712   0.0274426586   0.0000893461  -0.2406279097  -0.1725932998
       -0.0030969528  -0.0001141101  -0.0000061756  -0.0000198764   0.0006322121
        0.0005689386   0.0000112285  -0.0003308793  -0.0003298548   0.0000010082
        0.0000773573  -0.0001119027  -0.0000012687  -0.0001920865  -0.0001667063
       -0.0000052401
       -0.0018812404  -0.0057974042  -0.0000325984  -0.0313996529  -0.0291206231
       -0.0001551875  -0.0748407638  -0.0438145109  -0.0003390253   0.0084503675
       -0.3408901399  -0.0008888115   0.1343258513   0.7553125038   0.0044664665
        0.1377557582  -0.1200406023  -0.0001630725  -0.0010667954  -0.0003046651
       -0.0000020470   0.0008938073   0.0002306094  -0.0001021348   0.0008853273
        0.0002322087   0.0000980658  -0.0038573678  -0.0017359772  -0.0000918227
        0.0017289176  -0.0153183252   0.0000092295  -0.1706318470  -0.1985121672
       -0.0027829537  -0.0000100004  -0.0001019069  -0.0000157841   0.0000920483
        0.0001785815   0.0000041106  -0.0000050170  -0.0000312877  -0.0000048711
       -0.0002577202  -0.0001749878  -0.0000005460  -0.0001816728  -0.0001113059
        0.0000009822
       -0.0000249703  -0.0000587569   0.0054887429  -0.0003587225   0.0000291126
        0.0087849546  -0.0001300991  -0.0003284616   0.0067375954  -0.0002447135
       -0.0012495080  -0.0418504628   0.0039342665   0.0044664665   0.0767572885
       -0.0002623329  -0.0002860600  -0.0523456186  -0.0000074729  -0.0000021073
        0.0003271905  -0.0009140421   0.0001912135   0.0000745528   0.0009153757
       -0.0001908383   0.0000755548  -0.0000487942  -0.0000256495   0.0056153573
        0.0000030536   0.0000125796  -0.0042152233  -0.0028637271  -0.0025604126
       -0.0053010982  -0.0000019041  -0.0000047124   0.0006190951   0.0000242478
        0.0000246832  -0.0002030088  -0.0000031130  -0.0000027573   0.0000371724
        0.0000034835  -0.0000191001  -0.0002946994  -0.0000205356   0.0000043085
       -0.0003073932
       -0.0244544007  -0.0269966870  -0.0001182127  -0.1886973064  -0.1331823391
       -0.0006609869   0.0361009964  -0.0414503624  -0.0000664027  -0.0636469950
        0.0289725465  -0.0000193523  -0.2674366838   0.1377557582  -0.0002623329
        0.5365261152   0.0325201198   0.0011113921  -0.0063836456  -0.0002896356
       -0.0000001014   0.0020828138  -0.0007573688  -0.0009396418   0.0020856072
       -0.0007576208   0.0009286338  -0.0010951398  -0.0015303948  -0.0000353289
       -0.0006419724   0.0031858651   0.0000063398  -0.0245674204   0.0024383335
        0.0000441020   0.0006025858   0.0007636296  -0.0000028592  -0.0010093436
       -0.0011735184  -0.0000080135   0.0007470111   0.0007299935  -0.0000026246
       -0.0001009049  -0.0003455476   0.0000124181  -0.0001113170   0.0001172284
        0.0000129712
       -0.0037635646   0.0067221334   0.0000309685  -0.1266056850  -0.2990968403
       -0.0010725473   0.0311064927  -0.0881435632  -0.0002668747   0.0187523058
       -0.0706019929  -0.0002456427   0.0612364333  -0.1200406023  -0.0002860600
        0.0325201198   0.5768828109   0.0018726822   0.0015061234   0.0009260142
        0.0000018367   0.0005202800  -0.0005526644   0.0001476049   0.0005123129
       -0.0005502546  -0.0001686269   0.0064693251  -0.0075775208  -0.0000304945
       -0.0015894090  -0.0067622109  -0.0000453280  -0.0207515698   0.0089161962
        0.0000756999  -0.0003239157  -0.0004194780   0.0000071334   0.0006623495
        0.0006024127   0.0000003822  -0.0004801555  -0.0004683191  -0.0000030897
        0.0000725343   0.0002164262  -0.0000113666   0.0001560229  -0.0000525471
       -0.0000062775
       -0.0000449434   0.0000104737  -0.0055570121  -0.0006982012  -0.0011915909
       -0.0654902358   0.0001129633  -0.0004345144   0.0162363604  -0.0001155914
       -0.0001522766   0.0134975385  -0.0001533054  -0.0001630725  -0.0523456186
        0.0011113921   0.0018726822   0.0891268469  -0.0000110211  -0.0000013418
        0.0007313070   0.0006227560  -0.0003497542   0.0006748044  -0.0005968979
        0.0003353477   0.0006736573   0.0000061370  -0.0000400927   0.0065273566
       -0.0000146122  -0.0000341379   0.0058664280  -0.0002160168   0.0001497849
       -0.0098605149  -0.0000575400  -0.0000525365   0.0002527754   0.0001244190
        0.0001190961  -0.0001068609  -0.0000667169  -0.0000646343   0.0000393350
       -0.0000032788  -0.0000027577  -0.0001981298   0.0000004578  -0.0000006751
       -0.0000680372
       -0.0812227380  -0.0885372799  -0.0005654208  -0.0174473372  -0.0294907737
       -0.0001809098   0.0016749510  -0.0015977745   0.0000018120   0.0002659232
       -0.0006122315  -0.0000017015  -0.0013147267  -0.0010667954  -0.0000074729
       -0.0063836456   0.0015061234  -0.0000110211   0.0969894543   0.1042389849
        0.0006674864   0.0040126111   0.0073264792   0.0000281623   0.0040092839
        0.0073204723   0.0000657339  -0.0001759172   0.0006524319   0.0000007157
        0.0001510397   0.0000452020   0.0000009430  -0.0005667624   0.0002273603
        0.0000020402   0.0000088989  -0.0000068683   0.0000012251  -0.0000353772
       -0.0000330438  -0.0000001387   0.0000055225   0.0000028662   0.0000002319
        0.0000041990   0.0000367119  -0.0000009321   0.0000246207  -0.0000118648
       -0.0000007538
       -0.0896741306  -0.2474901393  -0.0012905641  -0.0038189897  -0.0006005531
       -0.0000027514   0.0011027686   0.0010369237   0.0000073255   0.0001197637
       -0.0000598013   0.0000003497   0.0009196050  -0.0003046651  -0.0000021073
       -0.0002896356   0.0009260142  -0.0000013418   0.1042389849   0.2841398378
        0.0015124170  -0.0063208948  -0.0188628129  -0.0025736355  -0.0064412299
       -0.0192148841   0.0023483614   0.0000414588   0.0002814330  -0.0000001873
        0.0000633859   0.0000784991   0.0000004788   0.0000674936   0.0000712522
        0.0000015860   0.0000631001   0.0000703874   0.0000005276  -0.0001464219
       -0.0001358320  -0.0000004842   0.0000650033   0.0000665123   0.0000009498
        0.0000087852  -0.0000028623  -0.0000006089   0.0000009534   0.0000006903
       -0.0000003154
       -0.0005750900  -0.0012824087  -0.0437900975  -0.0000212864  -0.0000093393
        0.0001636433   0.0000089307   0.0000026765  -0.0001822169  -0.0000028772
        0.0000012682  -0.0000592875   0.0000049042  -0.0000020470   0.0003271905
       -0.0000001014   0.0000018367   0.0007313070   0.0006674864   0.0015124170
        0.0459840279  -0.0096710528  -0.0263498731  -0.0017962832   0.0095916460
        0.0261211283  -0.0014314772  -0.0000027406   0.0000035361   0.0000330274
        0.0000013946   0.0000003492  -0.0000372907  -0.0000006852   0.0000002976
        0.0000334906   0.0000183531   0.0000199260   0.0000154795  -0.0000449469
       -0.0000435785   0.0000043216   0.0000246834   0.0000232979   0.0000078024
        0.0000008100   0.0000001634  -0.0000112765   0.0000005720   0.0000003499
        0.0000076393
       -0.0602501473   0.0352308783   0.0600952323  -0.0179761490   0.0169900400
        0.0248933251  -0.0025165015  -0.0007894078   0.0011744174  -0.0009842493
       -0.0000310405  -0.0011636912  -0.0014397616   0.0008938073  -0.0009140421
        0.0020828138   0.0005202800   0.0006227560   0.0040126111  -0.0063208948
       -0.0096710528   0.0735056049  -0.0425592452  -0.0678015761   0.0036207845
       -0.0037226795  -0.0068697032  -0.0000113375  -0.0001248766   0.0000172885
       -0.0001656213  -0.0001656635  -0.0001402620   0.0001414260   0.0000680819
       -0.0002372659  -0.0001412124  -0.0001184094  -0.0000451336   0.0002787882
        0.0002646565   0.0000167144  -0.0001576361  -0.0001477369  -0.0000083835
       -0.0000172473   0.0000100537   0.0000190882   0.0000178347   0.0000021566
        0.0000122887
        0.0331235580  -0.1027143056  -0.0984014914   0.0063983532  -0.0013228496
       -0.0024922305   0.0008255834   0.0002407782  -0.0000037025   0.0000307794
       -0.0001047595   0.0003923200  -0.0004278305   0.0002306094   0.0001912135
       -0.0007573688  -0.0005526644  -0.0003497542   0.0073264792  -0.0188628129
       -0.0263498731  -0.0425592452   0.1152047541   0.1140754407  -0.0038137822
        0.0077202703   0.0131063883  -0.0001246548   0.0001258608  -0.0000846243
        0.0000224950   0.0000321247   0.0000083188  -0.0000483404   0.0000002722
       -0.0000604409   0.0000643100   0.0000786450   0.0000095295  -0.0001713946
       -0.0001726022  -0.0000130451   0.0001020527   0.0000923171  -0.0000110277
       -0.0000025803   0.0000013661  -0.0000064534   0.0000115859   0.0000029962
       -0.0000105678
        0.0574229836  -0.0981701812  -0.2002720249   0.0049534939  -0.0015533447
        0.0001731325  -0.0004260911   0.0004054060  -0.0003704006  -0.0003348420
        0.0002776333   0.0001158583   0.0004462373  -0.0001021348   0.0000745528
       -0.0009396418   0.0001476049   0.0006748044   0.0000281623  -0.0025736355
       -0.0017962832  -0.0678015761   0.1140754407   0.2308412547   0.0068296812
       -0.0126323936  -0.0294188846  -0.0000510015   0.0001026806  -0.0000149373
       -0.0000426628   0.0000481108   0.0000349317  -0.0001059741  -0.0000298826
       -0.0000319398  -0.0000368222  -0.0000477946   0.0000164267   0.0000968103
        0.0000998372  -0.0000128395  -0.0000455033  -0.0000444176   0.0000090305
        0.0000165867  -0.0000063396  -0.0000400962  -0.0000098407   0.0000034107
        0.0000174146
       -0.0602828234   0.0359073671  -0.0595168334  -0.0178585650   0.0173172050
       -0.0246811810  -0.0025437378  -0.0007831473  -0.0011906010  -0.0009914675
       -0.0000287957   0.0011532262  -0.0014392522   0.0008853273   0.0009153757
        0.0020856072   0.0005123129  -0.0005968979   0.0040092839  -0.0064412299
        0.0095916460   0.0036207845  -0.0038137822   0.0068296812   0.0734555479
       -0.0433382208   0.0671414619  -0.0000113141  -0.0001260321  -0.0000172468
       -0.0001696039  -0.0001669296   0.0001359329   0.0001470003   0.0000630271
        0.0002330941  -0.0001609040  -0.0001396587   0.0000458308   0.0003253535
        0.0003105960  -0.0000139820  -0.0001838453  -0.0001706448   0.0000056952
       -0.0000187976   0.0000097276  -0.0000199018   0.0000167336   0.0000028781
       -0.0000153002
        0.0337785321  -0.1051644481   0.0994365263   0.0064438239  -0.0013994012
        0.0024752705   0.0008242431   0.0002496623   0.0000229141   0.0000296748
       -0.0001024666  -0.0003917189  -0.0004236933   0.0002322087  -0.0001908383
       -0.0007576208  -0.0005502546   0.0003353477   0.0073204723  -0.0192148841
        0.0261211283  -0.0037226795   0.0077202703  -0.0126323936  -0.0433382208
        0.1180554065  -0.1153443269  -0.0001270549   0.0001304607   0.0000867580
        0.0000239950   0.0000326204  -0.0000046342  -0.0000517414   0.0000025577
        0.0000608683   0.0000330798   0.0000534460  -0.0000110895  -0.0001062723
       -0.0001070759   0.0000099371   0.0000656435   0.0000580652   0.0000099210
       -0.0000033746   0.0000009595   0.0000049487   0.0000111930   0.0000028733
        0.0000113815
       -0.0568974661   0.0992173608  -0.1975570646  -0.0048612249   0.0015361917
        0.0001974362   0.0004315499  -0.0003992071  -0.0003687499   0.0003381098
       -0.0002767845   0.0001170179  -0.0004464651   0.0000980658   0.0000755548
        0.0009286338  -0.0001686269   0.0006736573   0.0000657339   0.0023483614
       -0.0014314772  -0.0068697032   0.0131063883  -0.0294188846   0.0671414619
       -0.1153443269   0.2277251959   0.0000459837  -0.0000989958  -0.0000096185
        0.0000449490  -0.0000501390   0.0000398257   0.0001007179   0.0000356655
       -0.0000333448   0.0000187656   0.0000407938   0.0000166352  -0.0000692046
       -0.0000722994  -0.0000131553   0.0000319022   0.0000279197   0.0000091750
       -0.0000148683   0.0000044945  -0.0000416153   0.0000111245  -0.0000048619
        0.0000194121
        0.0006902210   0.0005091032   0.0000015378   0.0061158174   0.0118010562
        0.0000542788  -0.0718060478  -0.0874122912  -0.0002698366  -0.0055220033
       -0.0249245084  -0.0000689201  -0.0060559288  -0.0038573678  -0.0000487942
       -0.0010951398   0.0064693251   0.0000061370  -0.0001759172   0.0000414588
       -0.0000027406  -0.0000113375  -0.0001246548  -0.0000510015  -0.0000113141
       -0.0001270549   0.0000459837   0.0775112301   0.0992812383   0.0003334799
        0.0001554344  -0.0002751010   0.0000004182   0.0002351849  -0.0013690245
       -0.0000019689  -0.0000391479  -0.0000488300   0.0000022613   0.0000071569
        0.0000065273   0.0000003566  -0.0000310272  -0.0000193020   0.0000006620
       -0.0000208149   0.0000496757  -0.0000013762   0.0000536337  -0.0000002500
       -0.0000004771
       -0.0006669657   0.0003600323   0.0000015785  -0.0096767746  -0.0164769215
       -0.0000628336  -0.0894464837  -0.2931050960  -0.0007675976  -0.0000541651
       -0.0057068275  -0.0000080986   0.0011605915  -0.0017359772  -0.0000256495
       -0.0015303948  -0.0075775208  -0.0000400927   0.0006524319   0.0002814330
        0.0000035361  -0.0001248766   0.0001258608   0.0001026806  -0.0001260321
        0.0001304607  -0.0000989958   0.0992812383   0.3236537916   0.0008903735
        0.0001441219   0.0001546017  -0.0000003188   0.0003874106  -0.0000978543
        0.0000012125  -0.0000969035  -0.0001045437   0.0000026202   0.0001914269
        0.0002006112   0.0000026602  -0.0001368592  -0.0001337036   0.0000012458
        0.0000106039   0.0000495670  -0.0000003712   0.0000316303  -0.0000179136
       -0.0000019496
       -0.0000009502  -0.0000009280  -0.0005678815  -0.0000119946   0.0000109856
       -0.0036597665  -0.0002385851  -0.0007438730  -0.0264030165  -0.0000220034
       -0.0000345159  -0.0045701330  -0.0000161270  -0.0000918227   0.0056153573
       -0.0000353289  -0.0000304945   0.0065273566   0.0000007157  -0.0000001873
        0.0000330274   0.0000172885  -0.0000846243  -0.0000149373  -0.0000172468
        0.0000867580  -0.0000096185   0.0003334799   0.0008903735   0.0217318978
       -0.0000011726   0.0000022084  -0.0004105037  -0.0000081328  -0.0000031504
        0.0017427734   0.0000188922   0.0000132371   0.0000188610  -0.0000393570
       -0.0000384461  -0.0000011726   0.0000209319   0.0000219411  -0.0000180736
       -0.0000001059   0.0000013806   0.0000107624  -0.0000003039   0.0000011579
       -0.0000249328
       -0.0005534168   0.0011021100   0.0000010728  -0.0048272803   0.0006427616
       -0.0000175809  -0.0161089010   0.0140344700   0.0000233971  -0.2518888643
        0.1199030427   0.0001018918  -0.0014549712   0.0017289176   0.0000030536
       -0.0006419724  -0.0015894090  -0.0000146122   0.0001510397   0.0000633859
        0.0000013946  -0.0001656213   0.0000224950  -0.0000426628  -0.0001696039
        0.0000239950   0.0000449490   0.0001554344   0.0001441219  -0.0000011726
        0.2752958183  -0.1359005399  -0.0001023001   0.0001898690  -0.0001678711
        0.0000052043   0.0000219126   0.0000300743  -0.0000006958  -0.0000895132
       -0.0000881077  -0.0000012226   0.0000379433   0.0000350237  -0.0000001326
       -0.0000065397   0.0000276538   0.0000003280   0.0000546667  -0.0000121235
       -0.0000009114
       -0.0003479849   0.0005744403  -0.0000007260  -0.0038940186  -0.0022234136
       -0.0000417905  -0.0080144851   0.0062333539   0.0000171605   0.1171170755
       -0.1067680355  -0.0001267451   0.0274426586  -0.0153183252   0.0000125796
        0.0031858651  -0.0067622109  -0.0000341379   0.0000452020   0.0000784991
        0.0000003492  -0.0001656635   0.0000321247   0.0000481108  -0.0001669296
        0.0000326204  -0.0000501390  -0.0002751010   0.0001546017   0.0000022084
       -0.1359005399   0.1237509534   0.0001673129   0.0009829180   0.0002363349
        0.0000099244   0.0002500563   0.0001469928  -0.0000016558  -0.0005135520
       -0.0003994105  -0.0000028807   0.0002814190   0.0002589231   0.0000008996
        0.0000479354   0.0000694411  -0.0000017866  -0.0000748553  -0.0000968897
        0.0000013161
       -0.0000010672  -0.0000007056   0.0002404043  -0.0000435493  -0.0000384049
        0.0068541398  -0.0000758260   0.0000598367  -0.0028115067   0.0001182029
       -0.0001584811  -0.0249363015   0.0000893461   0.0000092295  -0.0042152233
        0.0000063398  -0.0000453280   0.0058664280   0.0000009430   0.0000004788
       -0.0000372907  -0.0001402620   0.0000083188   0.0000349317   0.0001359329
       -0.0000046342   0.0000398257   0.0000004182  -0.0000003188  -0.0004105037
       -0.0001023001   0.0001673129   0.0200600830   0.0000112175   0.0000028301
       -0.0007102986  -0.0000383791  -0.0000447532  -0.0000453201   0.0000944880
        0.0000912544   0.0000319234  -0.0000528385  -0.0000486071  -0.0000243454
       -0.0000016137   0.0000009825   0.0000475987  -0.0000010525   0.0000009890
        0.0000154555
       -0.0007837634  -0.0018310519  -0.0000057563  -0.0098709985   0.0026550126
       -0.0000351365   0.0017820695   0.0025382172  -0.0000103962   0.0011166535
       -0.0016405471   0.0000553873  -0.2406279097  -0.1706318470  -0.0028637271
       -0.0245674204  -0.0207515698  -0.0002160168  -0.0005667624   0.0000674936
       -0.0000006852   0.0001414260  -0.0000483404  -0.0001059741   0.0001470003
       -0.0000517414   0.0001007179   0.0002351849   0.0003874106  -0.0000081328
        0.0001898690   0.0009829180   0.0000112175   0.2735094013   0.1886412474
        0.0030553733   0.0007206126  -0.0002413979  -0.0000133127  -0.0013334073
       -0.0006953929  -0.0000141683   0.0007408876   0.0006410346   0.0000087501
        0.0005992125  -0.0002415313   0.0000062937  -0.0014320555   0.0002200855
        0.0000355664
        0.0006471733   0.0004917233  -0.0000103298   0.0044183231   0.0009388725
       -0.0000111600   0.0001733109  -0.0068104348  -0.0000465827  -0.0222533418
       -0.0155948489  -0.0001956205  -0.1725932998  -0.1985121672  -0.0025604126
        0.0024383335   0.0089161962   0.0001497849   0.0002273603   0.0000712522
        0.0000002976   0.0000680819   0.0000002722  -0.0000298826   0.0000630271
        0.0000025577   0.0000356655  -0.0013690245  -0.0000978543  -0.0000031504
       -0.0001678711   0.0002363349   0.0000028301   0.1886412474   0.2109576912
        0.0026424045  -0.0000436730   0.0007888744  -0.0000157163  -0.0007799995
       -0.0012961896  -0.0000124614   0.0007016909   0.0007732376   0.0000102537
        0.0002037651  -0.0014758687   0.0000346565  -0.0003751039   0.0006103513
        0.0000094234
        0.0000119587  -0.0000035713   0.0015407174   0.0000197774  -0.0001117477
        0.0039301864  -0.0000640704   0.0000594442   0.0041910047   0.0000050934
        0.0000858833  -0.0076686229  -0.0030969528  -0.0027829537  -0.0053010982
        0.0000441020   0.0000756999  -0.0098605149   0.0000020402   0.0000015860
        0.0000334906  -0.0002372659  -0.0000604409  -0.0000319398   0.0002330941
        0.0000608683  -0.0000333448  -0.0000019689   0.0000012125   0.0017427734
        0.0000052043   0.0000099244  -0.0007102986   0.0030553733   0.0026424045
        0.0118017908  -0.0000238447  -0.0000196643  -0.0012260708   0.0000430485
        0.0000398487   0.0002943880  -0.0000374756  -0.0000356295  -0.0000611559
       -0.0000034168   0.0000412161   0.0006713923   0.0000453032  -0.0000040806
        0.0006873022
       -0.0002140709  -0.0001490590   0.0000064669   0.0001474586  -0.0004914255
       -0.0000464902  -0.0005724445  -0.0002990027  -0.0000344386  -0.0000252009
        0.0010396566  -0.0000191500  -0.0001141101  -0.0000100004  -0.0000019041
        0.0006025858  -0.0003239157  -0.0000575400   0.0000088989   0.0000631001
        0.0000183531  -0.0001412124   0.0000643100  -0.0000368222  -0.0001609040
        0.0000330798   0.0000187656  -0.0000391479  -0.0000969035   0.0000188922
        0.0000219126   0.0002500563  -0.0000383791   0.0007206126  -0.0000436730
       -0.0000238447   0.7294335252   0.1687347388   0.0026311738  -0.3767628588
       -0.2959012998  -0.0014311068  -0.0117454357  -0.0308075327  -0.0001961516
       -0.2859286459   0.0805035954  -0.0014771861  -0.0552309627   0.0774342754
        0.0006693617
       -0.0002086041  -0.0001483750   0.0000100113   0.0002309507  -0.0003954068
       -0.0000446033  -0.0005442491  -0.0004206443  -0.0000376691  -0.0001480491
        0.0009317033  -0.0000239050  -0.0000061756  -0.0001019069  -0.0000047124
        0.0007636296  -0.0004194780  -0.0000525365  -0.0000068683   0.0000703874
        0.0000199260  -0.0001184094   0.0000786450  -0.0000477946  -0.0001396587
        0.0000534460   0.0000407938  -0.0000488300  -0.0001045437   0.0000132371
        0.0000300743   0.0001469928  -0.0000447532  -0.0002413979   0.0007888744
       -0.0000196643   0.1687347388   0.7165438170   0.0032420796  -0.2970290936
       -0.3648144495  -0.0014785602  -0.0299317738  -0.0098361713  -0.0001680842
        0.0791581434  -0.0565631012   0.0005208483   0.0795055729  -0.2858097891
       -0.0019246135
        0.0000027158   0.0000022371   0.0000177851   0.0000016132   0.0000086571
       -0.0001237376   0.0000092101   0.0000042826  -0.0000020534   0.0000073490
       -0.0000046893  -0.0000673369  -0.0000198764  -0.0000157841   0.0006190951
       -0.0000028592   0.0000071334   0.0002527754   0.0000012251   0.0000005276
        0.0000154795  -0.0000451336   0.0000095295   0.0000164267   0.0000458308
       -0.0000110895   0.0000166352   0.0000022613   0.0000026202   0.0000188610
       -0.0000006958  -0.0000016558  -0.0000453201  -0.0000133127  -0.0000157163
       -0.0012260708   0.0026311738   0.0032420796   0.0249790495  -0.0017800103
       -0.0018130945  -0.0136897902   0.0001110601   0.0001236776   0.0037326734
       -0.0013888254   0.0002883679  -0.0075258656   0.0004382742  -0.0018270831
       -0.0069886064
        0.0003676142   0.0003033619  -0.0000196988  -0.0005089554   0.0008829247
        0.0001019479   0.0010602176   0.0004367638   0.0000786135  -0.0000618234
       -0.0016220931   0.0000481515   0.0006322121   0.0000920483   0.0000242478
       -0.0010093436   0.0006623495   0.0001244190  -0.0000353772  -0.0001464219
       -0.0000449469   0.0002787882  -0.0001713946   0.0000968103   0.0003253535
       -0.0001062723  -0.0000692046   0.0000071569   0.0001914269  -0.0000393570
       -0.0000895132  -0.0005135520   0.0000944880  -0.0013334073  -0.0007799995
        0.0000430485  -0.3767628588  -0.2970290936  -0.0017800103   1.0698875670
        0.9312293034   0.0056242932  -0.6552855896  -0.5967559307  -0.0033648574
       -0.0389607585  -0.0255008660  -0.0004645214   0.0014887175  -0.0111725547
       -0.0004534235
        0.0003610309   0.0002952978  -0.0000190307  -0.0006288842   0.0008571099
        0.0000990716   0.0010336037   0.0005184403   0.0000769091   0.0000647207
       -0.0015101411   0.0000475527   0.0005689386   0.0001785815   0.0000246832
       -0.0011735184   0.0006024127   0.0001190961  -0.0000330438  -0.0001358320
       -0.0000435785   0.0002646565  -0.0001726022   0.0000998372   0.0003105960
       -0.0001070759  -0.0000722994   0.0000065273   0.0002006112  -0.0000384461
       -0.0000881077  -0.0003994105   0.0000912544  -0.0006953929  -0.0012961896
        0.0000398487  -0.2959012998  -0.3648144495  -0.0018130945   0.9312293034
        1.0152222073   0.0055106664  -0.5976592574  -0.6127753754  -0.0032435727
       -0.0107440371   0.0025280782  -0.0004115479  -0.0269158361  -0.0391916625
       -0.0004673497
        0.0000019637   0.0000033789  -0.0000039237  -0.0000040328   0.0000063348
        0.0000533841   0.0000064368  -0.0000008212  -0.0000021709  -0.0000005611
       -0.0000057345   0.0000250933   0.0000112285   0.0000041106  -0.0002030088
       -0.0000080135   0.0000003822  -0.0001068609  -0.0000001387  -0.0000004842
        0.0000043216   0.0000167144  -0.0000130451  -0.0000128395  -0.0000139820
        0.0000099371  -0.0000131553   0.0000003566   0.0000026602  -0.0000011726
       -0.0000012226  -0.0000028807   0.0000319234  -0.0000141683  -0.0000124614
        0.0002943880  -0.0014311068  -0.0014785602  -0.0136897902   0.0056242932
        0.0055106664   0.0688075955  -0.0038445952  -0.0037029076  -0.0396476165
       -0.0001929442  -0.0000976635  -0.0078787372  -0.0001502279  -0.0002229117
       -0.0076574302
       -0.0002474554  -0.0001640024   0.0000118582   0.0003474869  -0.0006064662
       -0.0000573208  -0.0007158542  -0.0002861916  -0.0000449492  -0.0000530029
        0.0010821819  -0.0000274103  -0.0003308793  -0.0000050170  -0.0000031130
        0.0007470111  -0.0004801555  -0.0000667169   0.0000055225   0.0000650033
        0.0000246834  -0.0001576361   0.0001020527  -0.0000455033  -0.0001838453
        0.0000656435   0.0000319022  -0.0000310272  -0.0001368592   0.0000209319
        0.0000379433   0.0002814190  -0.0000528385   0.0007408876   0.0007016909
       -0.0000374756  -0.0117454357  -0.0299317738   0.0001110601  -0.6552855896
       -0.5976592574  -0.0038445952   0.6643913157   0.6238119897   0.0035480207
        0.0051275079  -0.0013674883   0.0001908404  -0.0026469495   0.0045272303
        0.0002406258
       -0.0002460622  -0.0001629383   0.0000103995   0.0003564945  -0.0005750823
       -0.0000555977  -0.0006992302  -0.0003014128  -0.0000424325  -0.0000414461
        0.0010378363  -0.0000251243  -0.0003298548  -0.0000312877  -0.0000027573
        0.0007299935  -0.0004683191  -0.0000646343   0.0000028662   0.0000665123
        0.0000232979  -0.0001477369   0.0000923171  -0.0000444176  -0.0001706448
        0.0000580652   0.0000279197  -0.0000193020  -0.0001337036   0.0000219411
        0.0000350237   0.0002589231  -0.0000486071   0.0006410346   0.0007732376
       -0.0000356295  -0.0308075327  -0.0098361713   0.0001236776  -0.5967559307
       -0.6127753754  -0.0037029076   0.6238119897   0.6201489127   0.0034162658
        0.0045572163  -0.0029775021   0.0002151599  -0.0009168781   0.0048259883
        0.0001834464
        0.0000007048   0.0000013679   0.0000109701   0.0000010551  -0.0000030791
       -0.0000170905  -0.0000035022  -0.0000022331  -0.0000067619  -0.0000016116
        0.0000040841  -0.0000201788   0.0000010082  -0.0000048711   0.0000371724
       -0.0000026246  -0.0000030897   0.0000393350   0.0000002319   0.0000009498
        0.0000078024  -0.0000083835  -0.0000110277   0.0000090305   0.0000056952
        0.0000099210   0.0000091750   0.0000006620   0.0000012458  -0.0000180736
       -0.0000001326   0.0000008996  -0.0000243454   0.0000087501   0.0000102537
       -0.0000611559  -0.0001961516  -0.0001680842   0.0037326734  -0.0033648574
       -0.0032435727  -0.0396476165   0.0035480207   0.0034162658   0.0235607979
        0.0000217368  -0.0000232484   0.0062232093  -0.0000106013   0.0000142181
        0.0061650568
        0.0000118211   0.0000044927   0.0000006518  -0.0001278550  -0.0001475016
       -0.0000008868  -0.0000488043   0.0000610414  -0.0000000368  -0.0000772750
        0.0000790943  -0.0000016475   0.0000773573  -0.0002577202   0.0000034835
       -0.0001009049   0.0000725343  -0.0000032788   0.0000041990   0.0000087852
        0.0000008100  -0.0000172473  -0.0000025803   0.0000165867  -0.0000187976
       -0.0000033746  -0.0000148683  -0.0000208149   0.0000106039  -0.0000001059
       -0.0000065397   0.0000479354  -0.0000016137   0.0005992125   0.0002037651
       -0.0000034168  -0.2859286459   0.0791581434  -0.0013888254  -0.0389607585
       -0.0107440371  -0.0001929442   0.0051275079   0.0045572163   0.0000217368
        0.3271322642  -0.0769466677   0.0016093291  -0.0076447190   0.0038982694
       -0.0000449738
        0.0000648869   0.0000146264  -0.0000008897  -0.0000880722   0.0001780740
        0.0000018986   0.0002135446   0.0001800256   0.0000025319   0.0002045015
       -0.0003046701   0.0000031666  -0.0001119027  -0.0001749878  -0.0000191001
       -0.0003455476   0.0002164262  -0.0000027577   0.0000367119  -0.0000028623
        0.0000001634   0.0000100537   0.0000013661  -0.0000063396   0.0000097276
        0.0000009595   0.0000044945   0.0000496757   0.0000495670   0.0000013806
        0.0000276538   0.0000694411   0.0000009825  -0.0002415313  -0.0014758687
        0.0000412161   0.0805035954  -0.0565631012   0.0002883679  -0.0255008660
        0.0025280782  -0.0000976635  -0.0013674883  -0.0029775021  -0.0000232484
       -0.0769466677   0.0664189547  -0.0002847553   0.0234817248  -0.0081585266
        0.0000905523
       -0.0000029213   0.0000025185  -0.0000200987   0.0000011054  -0.0000025518
        0.0000634457  -0.0000074722  -0.0000072125   0.0000238486   0.0000012702
        0.0000156294   0.0000723177  -0.0000012687  -0.0000005460  -0.0002946994
        0.0000124181  -0.0000113666  -0.0001981298  -0.0000009321  -0.0000006089
       -0.0000112765   0.0000190882  -0.0000064534  -0.0000400962  -0.0000199018
        0.0000049487  -0.0000416153  -0.0000013762  -0.0000003712   0.0000107624
        0.0000003280  -0.0000017866   0.0000475987   0.0000062937   0.0000346565
        0.0006713923  -0.0014771861   0.0005208483  -0.0075258656  -0.0004645214
       -0.0004115479  -0.0078787372   0.0001908404   0.0002151599   0.0062232093
        0.0016093291  -0.0002847553   0.0048544761   0.0001349065  -0.0000665612
        0.0040434680
        0.0000556240   0.0000155090   0.0000001589   0.0000939191   0.0002334442
        0.0000022573   0.0002004111   0.0000508671   0.0000005067   0.0000383510
       -0.0004012383   0.0000005427  -0.0001920865  -0.0001816728  -0.0000205356
       -0.0001113170   0.0001560229   0.0000004578   0.0000246207   0.0000009534
        0.0000005720   0.0000178347   0.0000115859  -0.0000098407   0.0000167336
        0.0000111930   0.0000111245   0.0000536337   0.0000316303  -0.0000003039
        0.0000546667  -0.0000748553  -0.0000010525  -0.0014320555  -0.0003751039
        0.0000453032  -0.0552309627   0.0795055729   0.0004382742   0.0014887175
       -0.0269158361  -0.0001502279  -0.0026469495  -0.0009168781  -0.0000106013
       -0.0076447190   0.0234817248   0.0001349065   0.0652135781  -0.0746329192
       -0.0004415418
       -0.0000002388  -0.0000098021  -0.0000000945   0.0000477078  -0.0000698990
       -0.0000007960  -0.0000770786  -0.0000872001  -0.0000004622  -0.0001760956
        0.0000412500  -0.0000016951  -0.0001667063  -0.0001113059   0.0000043085
        0.0001172284  -0.0000525471  -0.0000006751  -0.0000118648   0.0000006903
        0.0000003499   0.0000021566   0.0000029962   0.0000034107   0.0000028781
        0.0000028733  -0.0000048619  -0.0000002500  -0.0000179136   0.0000011579
       -0.0000121235  -0.0000968897   0.0000009890   0.0002200855   0.0006103513
       -0.0000040806   0.0774342754  -0.2858097891  -0.0018270831  -0.0111725547
       -0.0391916625  -0.0002229117   0.0045272303   0.0048259883   0.0000142181
        0.0038982694  -0.0081585266  -0.0000665612  -0.0746329192   0.3281213864
        0.0021047875
       -0.0000016988  -0.0000008090   0.0000028071  -0.0000019820  -0.0000033304
        0.0000562260  -0.0000078677  -0.0000054835  -0.0000185190   0.0000033563
        0.0000188070  -0.0000078158  -0.0000052401   0.0000009822  -0.0003073932
        0.0000129712  -0.0000062775  -0.0000680372  -0.0000007538  -0.0000003154
        0.0000076393   0.0000122887  -0.0000105678   0.0000174146  -0.0000153002
        0.0000113815   0.0000194121  -0.0000004771  -0.0000019496  -0.0000249328
       -0.0000009114   0.0000013161   0.0000154555   0.0000355664   0.0000094234
        0.0006873022   0.0006693617  -0.0019246135  -0.0069886064  -0.0004534235
       -0.0004673497  -0.0076574302   0.0002406258   0.0001834464   0.0061650568
       -0.0000449738   0.0000905523   0.0040434680  -0.0004415418   0.0021047875
        0.0040579531
