           1           2   1.0286445786856195     
           2           3   1.3329249949798456     
           3           4   1.5221811000210046     
           4           5   1.2786437804373114     
           2           6   1.4952253552493531     
           4           6  0.16864350150779683     
           5           6   1.2027074148507704     
           1           7  0.98640225957740235     
           1           8  0.97174900728014380     
           1           9  0.97187292746825593     
           3          10  0.97473480921682487     
           4          11  0.96935750746433413     
           5          12  0.94147002926888168     
          13          14   1.5343917548546102     
          13          15  0.47451436709019723     
          14          15   2.2547947618902380     
          13          16  0.92696008027437682     
          13          17  0.92768982553270241     
