           1           2   1.0301033931355303     
           2           3   1.4747882982563625     
           3           4   1.3701245940209918     
           2           5  0.14708856228169920     
           4           5   1.5080381881254272     
           2           6   1.2573206266060271     
           5           6   1.1988638696790352     
           6           7   1.0068519823697404     
           1           8  0.98425325087168491     
           1           9  0.97099063521936313     
           1          10  0.97113097340828525     
           3          11  0.97510562086843999     
           4          12  0.97022867722668127     
           7          13  0.97312552478825487     
           7          14  0.97866570001583453     
           7          15  0.97332143747771638     
