           1           2   1.0273379563689558     
           2           3   1.4836242090711558     
           3           4   1.1979809913461461     
           3           5  0.15377895560086660     
           4           5   1.2762397488510229     
           2           6   1.3386347142385502     
           5           6   1.5116748358787437     
           4           7   1.0047902383631400     
           1           8  0.98436469084417333     
           1           9  0.97406399930308973     
           1          10  0.97310319172307347     
           5          11  0.96932925579399531     
           6          12  0.97505266439975413     
           7          13  0.97883830446336728     
           7          14  0.97436935377434242     
           7          15  0.97522236419621455     
