$hessian                                                                        
        0.4667724874  -0.0102103227  -0.0117428149  -0.1518347082  -0.0170029342
       -0.0794138253  -0.0216629762   0.0038413759  -0.0139084604   0.0025447309
        0.0030118282  -0.0028985009  -0.0050611976   0.0005405895  -0.0026869193
        0.0001385614  -0.0004873673  -0.0010215360   0.0048842261  -0.0007413536
       -0.0007402794  -0.0044691777  -0.0041141972  -0.0022140143   0.0008588858
        0.0001655222   0.0007814236  -0.2067425020  -0.0061629187   0.1029450978
       -0.0466593382   0.0244434546   0.0162103496  -0.0377015466   0.0073593602
       -0.0054362360   0.0002408900  -0.0006515743  -0.0002167075  -0.0009736669
        0.0000491909   0.0003905721   0.0001494084   0.0000748575  -0.0000621967
        0.0000358593   0.0000856126  -0.0000117556  -0.0005199362  -0.0002011235
        0.0000258031
       -0.0102103227   0.5139897724   0.0050882082  -0.0255172688  -0.0660702618
       -0.0151452539   0.0135515765   0.0060220880   0.0092845926   0.0037913924
       -0.0014827887  -0.0000908987  -0.0010492290  -0.0011221107  -0.0000442821
        0.0001405669   0.0000255835  -0.0000499210   0.0025971067   0.0022120961
       -0.0000121292  -0.0084000459  -0.0055421806  -0.0106990434  -0.0035570804
       -0.0028363883  -0.0050033414  -0.0048813247  -0.0428026155   0.0005290602
        0.0232964306  -0.2185990979  -0.1030032503   0.0088576656  -0.1846461038
        0.1192132871   0.0001285617   0.0006425636   0.0001127939   0.0012771183
        0.0002004895  -0.0002146714   0.0000277038   0.0000341088   0.0000195988
       -0.0000261655  -0.0000009322   0.0000147075  -0.0000266856  -0.0000242226
        0.0000005431
       -0.0117428149   0.0050882082   0.4817175669  -0.0867932314  -0.0076510417
       -0.1256027229  -0.0049892426  -0.0053696358  -0.0047745118  -0.0043127397
        0.0000131132   0.0013139591   0.0053240196  -0.0003677941   0.0015058183
        0.0000251726   0.0000562827   0.0001980796  -0.0086081675  -0.0049751227
        0.0026056255  -0.0050462258   0.0010573589  -0.0047755451  -0.0026400306
       -0.0032572845  -0.0042552585   0.1093686658   0.0004048977  -0.1038686949
        0.0149950989  -0.1021163472  -0.1029168656  -0.0059104201   0.1179338306
       -0.1417762022   0.0006187540  -0.0006107679   0.0002866101  -0.0004860607
       -0.0002089066   0.0004046850  -0.0000324125   0.0000216904  -0.0000558245
       -0.0000075153  -0.0000949956  -0.0000769619   0.0002371501   0.0000765144
        0.0000702431
       -0.1518347082  -0.0255172688  -0.0867932314   0.4351775070  -0.1368711808
        0.2435114871  -0.1758895623   0.1403688532  -0.0840860624  -0.0433182621
        0.0151101774  -0.0204065926  -0.0175778546   0.0018128478  -0.0051276943
       -0.0005416921  -0.0017648479  -0.0024153394  -0.0101324613   0.0293725684
        0.0219410920   0.0118732532  -0.0045961632  -0.0311723354  -0.0074160142
       -0.0098220358  -0.0099049336  -0.0309588049  -0.0022416120  -0.0165258629
       -0.0007184500  -0.0044931605  -0.0048144965  -0.0063953212   0.0031652780
       -0.0062549521   0.0017022792  -0.0013726228   0.0032660349  -0.0034996148
       -0.0028431228  -0.0016844830   0.0005129485  -0.0003192165  -0.0000156387
        0.0000987179   0.0001546895   0.0002527199  -0.0010819602  -0.0001431831
        0.0002302883
       -0.0170029342  -0.0660702618  -0.0076510417  -0.1368711808   0.3849283777
        0.0039554727   0.0831015980  -0.1900011038   0.0519974402   0.0430315760
        0.0261248203   0.0204547087  -0.0303062857  -0.0027312082  -0.0103067509
        0.0022117750  -0.0025857535  -0.0017045998   0.0447123221   0.0139946048
        0.0121474123  -0.0046034791  -0.1419414093  -0.0622323323   0.0035417366
        0.0049863273  -0.0056498285  -0.0028525250   0.0016540885  -0.0015228620
       -0.0203226911  -0.0058143330  -0.0185563747   0.0186803323   0.0023283239
        0.0157162331   0.0205907850  -0.0251762177  -0.0007604559  -0.0025246523
        0.0007844107   0.0034723191   0.0005837283   0.0000640887   0.0004518833
       -0.0005024304   0.0002843970   0.0003701626  -0.0014676746  -0.0008291515
       -0.0001813861
       -0.0794138253  -0.0151452539  -0.1256027229   0.2435114871   0.0039554727
        0.2860028404  -0.0577479791   0.0777502436  -0.0773556988  -0.0356379969
       -0.0134657538  -0.0131245011   0.0081502958   0.0131315265  -0.0005579509
        0.0002298819   0.0014098998   0.0002746922  -0.0114596917  -0.0251372764
       -0.0223023231  -0.0245733624  -0.0262376455  -0.0228971942  -0.0064388828
       -0.0173448891  -0.0131104119   0.0037059011   0.0025975598   0.0098883423
       -0.0142972050  -0.0067658694  -0.0143850393  -0.0199769905   0.0001591077
       -0.0168471126  -0.0033684806   0.0033267156   0.0061746817  -0.0041991041
        0.0015894218   0.0041291235  -0.0000972022   0.0001120826  -0.0003154097
        0.0006650057  -0.0001461749  -0.0001882136   0.0009481491   0.0002108331
        0.0002168980
       -0.0216629762   0.0135515765  -0.0049892426  -0.1758895623   0.0831015980
       -0.0577479791   0.5762351709   0.0718738604   0.1454515807  -0.3092444473
       -0.0540601305  -0.0572042730  -0.0522989609  -0.0603506126   0.0046185778
        0.0019986189  -0.0032238694  -0.0030505010   0.0473757406   0.0216411250
        0.0019023686  -0.0022667387   0.0065313355  -0.0053895079   0.0014149290
       -0.0021157016  -0.0034475749  -0.0015177923   0.0000207941  -0.0019780481
        0.0007590762   0.0005803206   0.0015678830  -0.0010096802  -0.0000921609
       -0.0007101401  -0.0434979737  -0.0721941721  -0.0175945915  -0.0177045349
       -0.0048304150  -0.0017945342   0.0005816419   0.0001451432   0.0004541041
       -0.0005014522   0.0004541210   0.0001588830  -0.0027710588  -0.0010328124
       -0.0002470047
        0.0038413759   0.0060220880  -0.0053696358   0.1403688532  -0.1900011038
        0.0777502436   0.0718738604   0.6604531497  -0.0909259918  -0.1061977887
       -0.1008906191  -0.0210329905  -0.0237216590  -0.0392539127   0.0133574522
        0.0005401699  -0.0015510817   0.0050432549  -0.0286117048  -0.0231671377
       -0.0080363751  -0.0029293631  -0.0310911437   0.0089088799   0.0016393222
        0.0035580030   0.0003060006  -0.0002727896   0.0002407493   0.0007419676
       -0.0007015292   0.0007878321  -0.0004978696  -0.0020832948  -0.0000699623
       -0.0015836475  -0.0674460949  -0.2894160682   0.0202870746   0.0142666580
        0.0040820180   0.0009023994   0.0000382643   0.0004143244  -0.0001194154
       -0.0012385138  -0.0004473030   0.0001143205   0.0006342338   0.0003301676
        0.0001543323
       -0.0139084604   0.0092845926  -0.0047745118  -0.0840860624   0.0519974402
       -0.0773556988   0.1454515807  -0.0909259918   0.1672209084  -0.0663244194
       -0.0040912023  -0.0489547392   0.0018676879   0.0069432270  -0.0006538977
        0.0008246629   0.0028728370   0.0000300814   0.0215883475   0.0197554421
        0.0046019817   0.0074913656  -0.0082304591  -0.0041284245   0.0007631011
       -0.0028773507  -0.0006863845  -0.0004536648   0.0007582181  -0.0009060454
        0.0007235795   0.0013155228   0.0012703994  -0.0022759978  -0.0001017611
       -0.0018255595  -0.0018341097   0.0162851654  -0.0309352850  -0.0096977659
       -0.0033055524  -0.0028975525  -0.0003006410  -0.0000306798   0.0001121111
        0.0000327002   0.0002833602   0.0001732617   0.0001380960   0.0000671917
       -0.0002906449
        0.0025447309   0.0037913924  -0.0043127397  -0.0433182621   0.0430315760
       -0.0356379969  -0.3092444473  -0.1061977887  -0.0663244194   0.6819964775
        0.0243203127   0.1581529961  -0.0780637607  -0.0480053366   0.0328353370
       -0.0106632305  -0.0241291331   0.0153368894  -0.0419583513   0.0148057851
       -0.0216685403   0.0014000711   0.0031223618   0.0028277310  -0.0010515533
       -0.0022257836  -0.0007157316  -0.0000447053  -0.0001495006   0.0002146661
       -0.0001320750   0.0000610035  -0.0004954682  -0.0015933822  -0.0003756975
       -0.0009445119  -0.0109048677  -0.0027373930   0.0082013671  -0.1841476673
        0.0995042735  -0.0900622434   0.0002240324  -0.0015376408   0.0003185261
       -0.0047061259  -0.0026190517   0.0011243950  -0.0003368832  -0.0006593794
        0.0011497436
        0.0030118282  -0.0014827887   0.0000131132   0.0151101774   0.0261248203
       -0.0134657538  -0.0540601305  -0.1008906191  -0.0040912023   0.0243203127
        0.5135258824  -0.2193007580  -0.0421311248  -0.2606321935   0.1343372162
       -0.0092915519  -0.0117832755   0.0012878069  -0.0129756423  -0.0520557042
        0.0223418964   0.0048260739   0.0044782724   0.0141726145  -0.0053979832
        0.0016482132  -0.0002266806  -0.0002658072  -0.0000386570   0.0002341060
       -0.0001041399   0.0000931200  -0.0004781326  -0.0001451728  -0.0001686048
        0.0000737315  -0.0272636571  -0.0099537506  -0.0025725729   0.1012203483
       -0.1101075548   0.0685228893   0.0014828188   0.0006252835  -0.0010752411
        0.0010500519  -0.0000768205  -0.0009234187   0.0006135987   0.0006943768
        0.0011503861
       -0.0028985009  -0.0000908987   0.0013139591  -0.0204065926   0.0204547087
       -0.0131245011  -0.0572042730  -0.0210329905  -0.0489547392   0.1581529961
       -0.2193007580   0.2616947665   0.0334356323   0.1160560413  -0.0928436564
        0.0061420279   0.0049726054  -0.0061778735  -0.0216818013   0.0287601487
       -0.0213953950  -0.0044394431   0.0012734012   0.0003074070   0.0010811058
       -0.0004990808   0.0030519699  -0.0004349013   0.0002497499  -0.0003165130
        0.0000233818  -0.0003284864  -0.0001060468  -0.0000306578   0.0002237982
        0.0006214195   0.0021983679   0.0007535852  -0.0002280367  -0.0924971679
        0.0670811910  -0.0831360618  -0.0006374460   0.0005722267   0.0004495476
        0.0017115273   0.0015912857  -0.0009823540  -0.0025142552  -0.0007365276
       -0.0001738922
       -0.0050611976  -0.0010492290   0.0053240196  -0.0175778546  -0.0303062857
        0.0081502958  -0.0522989609  -0.0237216590   0.0018676879  -0.0780637607
       -0.0421311248   0.0334356323   0.6222624665   0.0280714896  -0.0117723904
       -0.1972712827  -0.0399009841   0.0311217896  -0.1671309422   0.1048347674
       -0.0591530068  -0.0484544665   0.0117107222   0.0001106923   0.0066180702
       -0.0028248040  -0.0036762658  -0.0016807918  -0.0002802936  -0.0011865643
        0.0002268520  -0.0000349251   0.0007123548   0.0002966370   0.0001115524
        0.0002045095  -0.0024635176  -0.0020898971  -0.0079149384   0.0028982360
        0.0195470978  -0.0099607521  -0.0286015285  -0.0003448286   0.0065992064
       -0.0056622647  -0.0059612668   0.0079360299  -0.0280356939  -0.0156303318
       -0.0017983004
        0.0005405895  -0.0011221107  -0.0003677941   0.0018128478  -0.0027312082
        0.0131315265  -0.0603506126  -0.0392539127   0.0069432270  -0.0480053366
       -0.2606321935   0.1160560413   0.0280714896   0.5499445600  -0.2545134520
       -0.0439431751  -0.0721941802   0.0329168495   0.1297119705  -0.1376035968
        0.0764621692   0.0142477844  -0.0105959852  -0.0137766043   0.0027220370
        0.0017890163   0.0050855964   0.0011266529  -0.0000120792   0.0001706797
       -0.0000145095   0.0000289244   0.0001864879   0.0004456461   0.0001757018
        0.0005491604  -0.0027339701   0.0001596644   0.0013738627   0.0002754242
       -0.0202145670   0.0067999892   0.0196494585   0.0064782030  -0.0034530981
       -0.0227252486  -0.0090029181   0.0104188241  -0.0208310481  -0.0052133183
        0.0020165346
       -0.0026869193  -0.0000442821   0.0015058183  -0.0051276943  -0.0103067509
       -0.0005579509   0.0046185778   0.0133574522  -0.0006538977   0.0328353370
        0.1343372162  -0.0928436564  -0.0117723904  -0.2545134520   0.2531656838
        0.0289670912   0.0211327226  -0.0672582111  -0.0774141018   0.0825573365
       -0.0930402403   0.0184264587  -0.0049422880   0.0023590750  -0.0019573111
       -0.0027990259   0.0030837310  -0.0012318525  -0.0003006660  -0.0005415035
        0.0000064479   0.0002130412   0.0002632896  -0.0000011754  -0.0002462372
       -0.0003319033  -0.0017766403  -0.0008211929   0.0014756212   0.0011838843
        0.0124026648  -0.0076322480   0.0024453935   0.0009973740   0.0007134939
        0.0290174900   0.0120799865  -0.0094316338  -0.0155325954  -0.0031038991
        0.0097245321
        0.0001385614   0.0001405669   0.0000251726  -0.0005416921   0.0022117750
        0.0002298819   0.0019986189   0.0005401699   0.0008246629  -0.0106632305
       -0.0092915519   0.0061420279  -0.1972712827  -0.0439431751   0.0289670912
        0.4681210824  -0.0298617067   0.0209409284  -0.0393928981   0.0039001851
        0.0014839544  -0.0037090988  -0.0006450222  -0.0015334318   0.0020180447
        0.0000703217  -0.0007704849   0.0000135021  -0.0000492453  -0.0000963887
        0.0000110137   0.0000147493   0.0000195979  -0.0000109174  -0.0000356112
        0.0000475496  -0.0002045947  -0.0000642386  -0.0000642285   0.0004146739
        0.0005368291  -0.0009323754  -0.1135705094   0.1105331725   0.0131762981
       -0.0422640457   0.0073176241  -0.0101941680  -0.0650872276  -0.0413748425
       -0.0582660875
       -0.0004873673   0.0000255835   0.0000562827  -0.0017648479  -0.0025857535
        0.0014098998  -0.0032238694  -0.0015510817   0.0028728370  -0.0241291331
       -0.0117832755   0.0049726054  -0.0399009841  -0.0721941802   0.0211327226
       -0.0298617067   0.5189405648  -0.0133327941   0.0221038263   0.0010746451
       -0.0029955316   0.0070062827  -0.0022044091   0.0002897298  -0.0017443137
        0.0005147354  -0.0007047814  -0.0002586797  -0.0001402186  -0.0001611571
       -0.0000353170   0.0000648156   0.0000497986  -0.0000066220  -0.0000343601
       -0.0001613389  -0.0007675137  -0.0002410306  -0.0001421447  -0.0006866013
        0.0000227839  -0.0005267953   0.1065425536  -0.2034053219  -0.0206803856
        0.0103067226  -0.1070051507   0.1057370099  -0.0430924294  -0.1194983465
       -0.0978159572
       -0.0010215360  -0.0000499210   0.0001980796  -0.0024153394  -0.0017045998
        0.0002746922  -0.0030505010   0.0050432549   0.0000300814   0.0153368894
        0.0012878069  -0.0061778735   0.0311217896   0.0329168495  -0.0672582111
        0.0209409284  -0.0133327941   0.4952306121  -0.0067705282  -0.0088750353
        0.0068071580   0.0030965345  -0.0013336290  -0.0000879560  -0.0007515752
        0.0005314790  -0.0007945051  -0.0003396266  -0.0001990494  -0.0002432411
       -0.0000427525   0.0000546767   0.0000140267  -0.0000290909  -0.0000783652
       -0.0001264343   0.0006545830   0.0006917757   0.0020462114   0.0007843185
       -0.0005801609  -0.0006298260   0.0149776644  -0.0212422029  -0.0465223614
       -0.0134443876   0.1050564279  -0.2161753635  -0.0590473702  -0.0981865131
       -0.1665850893
        0.0048842261   0.0025971067  -0.0086081675  -0.0101324613   0.0447123221
       -0.0114596917   0.0473757406  -0.0286117048   0.0215883475  -0.0419583513
       -0.0129756423  -0.0216818013  -0.1671309422   0.1297119705  -0.0774141018
       -0.0393928981   0.0221038263  -0.0067705282   0.3112740240  -0.1753966448
        0.0026490244  -0.1114335300   0.0064448791   0.0870474853   0.0095132717
        0.0063030631   0.0071119882   0.0032934855   0.0004836768   0.0015146795
        0.0002957125  -0.0001263274  -0.0014986173  -0.0006704771  -0.0004693062
       -0.0000972478  -0.0047624373   0.0036787335   0.0083794965   0.0001364567
        0.0008481497   0.0002478708  -0.0063313399  -0.0005946639  -0.0001506170
        0.0027233954   0.0000120490  -0.0015797920   0.0023161245   0.0012785126
        0.0007216723
       -0.0007413536   0.0022120961  -0.0049751227   0.0293725684   0.0139946048
       -0.0251372764   0.0216411250  -0.0231671377   0.0197554421   0.0148057851
       -0.0520557042   0.0287601487   0.1048347674  -0.1376035968   0.0825573365
        0.0039001851   0.0010746451  -0.0088750353  -0.1753966448   0.1980137630
       -0.1220840778   0.0073550170   0.0005148749   0.0126587860  -0.0024382498
        0.0004438096   0.0062157114   0.0012408204  -0.0002515118   0.0009580624
        0.0002613249  -0.0000725173   0.0000001559  -0.0001157573  -0.0001970392
       -0.0009128817  -0.0016076590   0.0012137284   0.0078029718  -0.0019497509
       -0.0036714060   0.0038442249   0.0006323110   0.0006396715  -0.0002945807
        0.0007915173   0.0001161204  -0.0011167846  -0.0025860064  -0.0012044010
        0.0008429193
       -0.0007402794  -0.0000121292   0.0026056255   0.0219410920   0.0121474123
       -0.0223023231   0.0019023686  -0.0080363751   0.0046019817  -0.0216685403
        0.0223418964  -0.0213953950  -0.0591530068   0.0764621692  -0.0930402403
        0.0014839544  -0.0029955316   0.0068071580   0.0026490244  -0.1220840778
        0.2184041779   0.0264977614   0.0176924773  -0.0675187254   0.0236307747
       -0.0005858658  -0.0341198195  -0.0000131141  -0.0001229795   0.0002058913
        0.0003488384   0.0002359240   0.0007751556   0.0003689615   0.0000348420
        0.0010224501  -0.0009054411  -0.0002827188   0.0022275252   0.0006795152
        0.0060978011   0.0015840646   0.0033390358  -0.0004473134  -0.0003105233
       -0.0006231627  -0.0007819593   0.0005518966   0.0002622179   0.0003364280
       -0.0000988999
       -0.0044691777  -0.0084000459  -0.0050462258   0.0118732532  -0.0046034791
       -0.0245733624  -0.0022667387  -0.0029293631   0.0074913656   0.0014000711
        0.0048260739  -0.0044394431  -0.0484544665   0.0142477844   0.0184264587
       -0.0037090988   0.0070062827   0.0030965345  -0.1114335300   0.0073550170
        0.0264977614   0.2590373775  -0.0483319971   0.1173347364  -0.0968662461
        0.0336958258  -0.1368340643  -0.0012008154  -0.0011383935  -0.0001408218
       -0.0009434432   0.0005057327  -0.0003624092   0.0000107182  -0.0001915633
       -0.0012674442  -0.0006781167  -0.0003837161   0.0007525449   0.0002456815
       -0.0014588922  -0.0009511855  -0.0027375413  -0.0006196687   0.0003494398
        0.0001642401   0.0003134111   0.0000033605   0.0000278327   0.0001069916
       -0.0003372455
       -0.0041141972  -0.0055421806   0.0010573589  -0.0045961632  -0.1419414093
       -0.0262376455   0.0065313355  -0.0310911437  -0.0082304591   0.0031223618
        0.0044782724   0.0012734012   0.0117107222  -0.0105959852  -0.0049422880
       -0.0006450222  -0.0022044091  -0.0013336290   0.0064448791   0.0005148749
        0.0176924773  -0.0483319971   0.2417996158  -0.0301284724   0.0270556638
       -0.0541876357   0.0521427870  -0.0008149411   0.0002579334  -0.0003936014
       -0.0004723590   0.0005988724   0.0005112263   0.0009012507   0.0010884140
        0.0015471378   0.0048328763  -0.0038927626  -0.0038673278  -0.0006830963
        0.0006466207   0.0008182850   0.0005039931  -0.0000799357  -0.0000555815
       -0.0003655876   0.0002351488   0.0002593662  -0.0010797188  -0.0000842906
       -0.0001130353
       -0.0022140143  -0.0106990434  -0.0047755451  -0.0311723354  -0.0622323323
       -0.0228971942  -0.0053895079   0.0089088799  -0.0041284245   0.0028277310
        0.0141726145   0.0003074070   0.0001106923  -0.0137766043   0.0023590750
       -0.0015334318   0.0002897298  -0.0000879560   0.0870474853   0.0126587860
       -0.0675187254   0.1173347364  -0.0301284724   0.5299666949  -0.1612388974
        0.0783811836  -0.4297778720   0.0000490329   0.0000504355   0.0000172971
       -0.0022159068  -0.0006329988  -0.0012572599  -0.0002632351   0.0002179501
       -0.0007245742  -0.0009032207   0.0018725228  -0.0019703315  -0.0010581248
        0.0010280330   0.0005707078  -0.0003433153   0.0001636954   0.0002010654
        0.0001932756   0.0001923855   0.0000677622  -0.0012309642  -0.0004667649
       -0.0003521267
        0.0008588858  -0.0035570804  -0.0026400306  -0.0074160142   0.0035417366
       -0.0064388828   0.0014149290   0.0016393222   0.0007631011  -0.0010515533
       -0.0053979832   0.0010811058   0.0066180702   0.0027220370  -0.0019573111
        0.0020180447  -0.0017443137  -0.0007515752   0.0095132717  -0.0024382498
        0.0236307747  -0.0968662461   0.0270556638  -0.1612388974   0.0834107973
       -0.0214484224   0.1470110781   0.0006385534   0.0002745096   0.0001385274
       -0.0008805126  -0.0006094274  -0.0007805722   0.0003290755  -0.0001533609
        0.0008433939  -0.0001028145   0.0001288108   0.0003523243   0.0003552976
       -0.0001010286   0.0000531850   0.0007464985   0.0000871373  -0.0001170767
       -0.0000937271  -0.0001419242   0.0000503568   0.0005074442   0.0001425731
        0.0000004989
        0.0001655222  -0.0028363883  -0.0032572845  -0.0098220358   0.0049863273
       -0.0173448891  -0.0021157016   0.0035580030  -0.0028773507  -0.0022257836
        0.0016482132  -0.0004990808  -0.0028248040   0.0017890163  -0.0027990259
        0.0000703217   0.0005147354   0.0005314790   0.0063030631   0.0004438096
       -0.0005858658   0.0336958258  -0.0541876357   0.0783811836  -0.0214484224
        0.0431249372  -0.0502126579   0.0001827545  -0.0000888661   0.0001819997
       -0.0008322829  -0.0003051439  -0.0006786188  -0.0002684029  -0.0001619087
       -0.0006206002  -0.0011078295   0.0013095368  -0.0000204527  -0.0000797503
        0.0002943515  -0.0001890939  -0.0000773296   0.0000795067   0.0000193733
        0.0002495834  -0.0000651137  -0.0000521658   0.0001352720  -0.0001033808
        0.0000230503
        0.0007814236  -0.0050033414  -0.0042552585  -0.0099049336  -0.0056498285
       -0.0131104119  -0.0034475749   0.0003060006  -0.0006863845  -0.0007157316
       -0.0002266806   0.0030519699  -0.0036762658   0.0050855964   0.0030837310
       -0.0007704849  -0.0007047814  -0.0007945051   0.0071119882   0.0062157114
       -0.0341198195  -0.1368340643   0.0521427870  -0.4297778720   0.1470110781
       -0.0502126579   0.4763465010   0.0002048274  -0.0001020906   0.0000151426
       -0.0016335257  -0.0004718201  -0.0011929694   0.0006995237  -0.0001845990
        0.0010667438   0.0002414217  -0.0004303941   0.0000318719   0.0005694989
       -0.0005834039   0.0000205847   0.0001753325  -0.0001617716   0.0000000400
       -0.0004045510  -0.0002110069   0.0000830133   0.0005920377   0.0001922805
        0.0002376228
       -0.2067425020  -0.0048813247   0.1093686658  -0.0309588049  -0.0028525250
        0.0037059011  -0.0015177923  -0.0002727896  -0.0004536648  -0.0000447053
       -0.0002658072  -0.0004349013  -0.0016807918   0.0011266529  -0.0012318525
        0.0000135021  -0.0002586797  -0.0003396266   0.0032934855   0.0012408204
       -0.0000131141  -0.0012008154  -0.0008149411   0.0000490329   0.0006385534
        0.0001827545   0.0002048274   0.2447910983   0.0064424302  -0.1198218453
       -0.0053793785   0.0018351819   0.0055600600  -0.0009877777  -0.0015216900
        0.0034190739  -0.0001277679   0.0000213755  -0.0000040421  -0.0000564093
        0.0000270185  -0.0000027700   0.0000900438   0.0000113979  -0.0000038626
        0.0000461885   0.0000542848   0.0000125092  -0.0001761265  -0.0000741596
       -0.0000143912
       -0.0061629187  -0.0428026155   0.0004048977  -0.0022416120   0.0016540885
        0.0025975598   0.0000207941   0.0002407493   0.0007582181  -0.0001495006
       -0.0000386570   0.0002497499  -0.0002802936  -0.0000120792  -0.0003006660
       -0.0000492453  -0.0001402186  -0.0001990494   0.0004836768  -0.0002515118
       -0.0001229795  -0.0011383935   0.0002579334   0.0000504355   0.0002745096
       -0.0000888661  -0.0001020906   0.0064424302   0.0447596530  -0.0025386446
        0.0235466682  -0.0012572832  -0.0167369706  -0.0209144497  -0.0021105930
        0.0161808379   0.0001805163  -0.0001819538  -0.0001929742   0.0000116796
       -0.0000220024  -0.0000330778   0.0000317967   0.0000040455  -0.0000140906
        0.0000196802   0.0000106164  -0.0000057864  -0.0000753385  -0.0000213057
        0.0000046307
        0.1029450978   0.0005290602  -0.1038686949  -0.0165258629  -0.0015228620
        0.0098883423  -0.0019780481   0.0007419676  -0.0009060454   0.0002146661
        0.0002341060  -0.0003165130  -0.0011865643   0.0001706797  -0.0005415035
       -0.0000963887  -0.0001611571  -0.0002432411   0.0015146795   0.0009580624
        0.0002058913  -0.0001408218  -0.0003936014   0.0000172971   0.0001385274
        0.0001819997   0.0000151426  -0.1198218453  -0.0025386446   0.1203854915
        0.0152038617  -0.0016538597  -0.0103636415   0.0198598494   0.0034895013
       -0.0140751456   0.0000134231  -0.0000543201  -0.0001978509  -0.0000938606
        0.0000260910   0.0000144725   0.0000392601   0.0000094821  -0.0000139663
        0.0000107135   0.0000136185  -0.0000213201  -0.0000966868  -0.0000301236
        0.0000212850
       -0.0466593382   0.0232964306   0.0149950989  -0.0007184500  -0.0203226911
       -0.0142972050   0.0007590762  -0.0007015292   0.0007235795  -0.0001320750
       -0.0001041399   0.0000233818   0.0002268520  -0.0000145095   0.0000064479
        0.0000110137  -0.0000353170  -0.0000427525   0.0002957125   0.0002613249
        0.0003488384  -0.0009434432  -0.0004723590  -0.0022159068  -0.0008805126
       -0.0008322829  -0.0016335257  -0.0053793785   0.0235466682   0.0152038617
        0.0525272669  -0.0262363238  -0.0138654181   0.0006511022   0.0015060985
        0.0008934881   0.0000818056   0.0000970954  -0.0001393427   0.0001123749
        0.0000029561   0.0000043351   0.0000047443   0.0000172377  -0.0000169953
        0.0000168348  -0.0000235308  -0.0000062471   0.0000264145   0.0000148716
        0.0000183618
        0.0244434546  -0.2185990979  -0.1021163472  -0.0044931605  -0.0058143330
       -0.0067658694   0.0005803206   0.0007878321   0.0013155228   0.0000610035
        0.0000931200  -0.0003284864  -0.0000349251   0.0000289244   0.0002130412
        0.0000147493   0.0000648156   0.0000546767  -0.0001263274  -0.0000725173
        0.0002359240   0.0005057327   0.0005988724  -0.0006329988  -0.0006094274
       -0.0003051439  -0.0004718201   0.0018351819  -0.0012572832  -0.0016538597
       -0.0262363238   0.2510268573   0.1214373783   0.0039565760  -0.0267614773
       -0.0112100284  -0.0000119757   0.0002354059  -0.0000078381   0.0001203661
       -0.0000253585  -0.0000894118  -0.0000390568   0.0000270085  -0.0000083476
       -0.0000033377  -0.0000443487   0.0000198077   0.0000371498   0.0000167236
        0.0000086568
        0.0162103496  -0.1030032503  -0.1029168656  -0.0048144965  -0.0185563747
       -0.0143850393   0.0015678830  -0.0004978696   0.0012703994  -0.0004954682
       -0.0004781326  -0.0001060468   0.0007123548   0.0001864879   0.0002632896
        0.0000195979   0.0000497986   0.0000140267  -0.0014986173   0.0000001559
        0.0007751556  -0.0003624092   0.0005112263  -0.0012572599  -0.0007805722
       -0.0006786188  -0.0011929694   0.0055600600  -0.0167369706  -0.0103636415
       -0.0138654181   0.1214373783   0.1185170456  -0.0022358099   0.0171988549
        0.0097017116  -0.0002496816   0.0005117410  -0.0002773637   0.0001710558
        0.0000289772  -0.0000386597  -0.0000200395   0.0000202717  -0.0000062458
        0.0000280826  -0.0000144403  -0.0000019382   0.0000531289   0.0000207651
        0.0000044015
       -0.0377015466   0.0088576656  -0.0059104201  -0.0063953212   0.0186803323
       -0.0199769905  -0.0010096802  -0.0020832948  -0.0022759978  -0.0015933822
       -0.0001451728  -0.0000306578   0.0002966370   0.0004456461  -0.0000011754
       -0.0000109174  -0.0000066220  -0.0000290909  -0.0006704771  -0.0001157573
        0.0003689615   0.0000107182   0.0009012507  -0.0002632351   0.0003290755
       -0.0002684029   0.0006995237  -0.0009877777  -0.0209144497   0.0198598494
        0.0006511022   0.0039565760  -0.0022358099   0.0473758874  -0.0091178270
        0.0093549679  -0.0000303056  -0.0000725101   0.0002754578  -0.0002833526
       -0.0000887247   0.0001489851   0.0000115642  -0.0000045668  -0.0000131246
       -0.0000272718  -0.0000340949   0.0000093496   0.0000350480   0.0000099521
        0.0000194071
        0.0073593602  -0.1846461038   0.1179338306   0.0031652780   0.0023283239
        0.0001591077  -0.0000921609  -0.0000699623  -0.0001017611  -0.0003756975
       -0.0001686048   0.0002237982   0.0001115524   0.0001757018  -0.0002462372
       -0.0000356112  -0.0000343601  -0.0000783652  -0.0004693062  -0.0001970392
        0.0000348420  -0.0001915633   0.0010884140   0.0002179501  -0.0001533609
       -0.0001619087  -0.0001845990  -0.0015216900  -0.0021105930   0.0034895013
        0.0015060985  -0.0267614773   0.0171988549  -0.0091178270   0.2102773522
       -0.1385176772  -0.0001417863   0.0002427953  -0.0001094254  -0.0000582038
        0.0000294067  -0.0000015457   0.0000179358  -0.0000120979  -0.0000003516
        0.0000210893   0.0000353659  -0.0000202891  -0.0000241072  -0.0000152127
        0.0000023666
       -0.0054362360   0.1192132871  -0.1417762022  -0.0062549521   0.0157162331
       -0.0168471126  -0.0007101401  -0.0015836475  -0.0018255595  -0.0009445119
        0.0000737315   0.0006214195   0.0002045095   0.0005491604  -0.0003319033
        0.0000475496  -0.0001613389  -0.0001264343  -0.0000972478  -0.0009128817
        0.0010224501  -0.0012674442   0.0015471378  -0.0007245742   0.0008433939
       -0.0006206002   0.0010667438   0.0034190739   0.0161808379  -0.0140751456
        0.0008934881  -0.0112100284   0.0097017116   0.0093549679  -0.1385176772
        0.1630704968   0.0001029478  -0.0001725292   0.0000720736  -0.0001672804
       -0.0000776139   0.0001440044   0.0000509689  -0.0000011878  -0.0000115195
       -0.0000048076  -0.0000057010   0.0000297773  -0.0000342797  -0.0000171821
       -0.0000102260
        0.0002408900   0.0001285617   0.0006187540   0.0017022792   0.0205907850
       -0.0033684806  -0.0434979737  -0.0674460949  -0.0018341097  -0.0109048677
       -0.0272636571   0.0021983679  -0.0024635176  -0.0027339701  -0.0017766403
       -0.0002045947  -0.0007675137   0.0006545830  -0.0047624373  -0.0016076590
       -0.0009054411  -0.0006781167   0.0048328763  -0.0009032207  -0.0001028145
       -0.0011078295   0.0002414217  -0.0001277679   0.0001805163   0.0000134231
        0.0000818056  -0.0000119757  -0.0002496816  -0.0000303056  -0.0001417863
        0.0001029478   0.0605984574   0.0752653496   0.0044370094   0.0001569041
       -0.0000046239   0.0007840201   0.0000956900   0.0000252670  -0.0000966700
       -0.0001567172  -0.0000232776   0.0000342926   0.0000530864   0.0000850321
        0.0000494244
       -0.0006515743   0.0006425636  -0.0006107679  -0.0013726228  -0.0251762177
        0.0033267156  -0.0721941721  -0.2894160682   0.0162851654  -0.0027373930
       -0.0099537506   0.0007535852  -0.0020898971   0.0001596644  -0.0008211929
       -0.0000642386  -0.0002410306   0.0006917757   0.0036787335   0.0012137284
       -0.0002827188  -0.0003837161  -0.0038927626   0.0018725228   0.0001288108
        0.0013095368  -0.0004303941   0.0000213755  -0.0001819538  -0.0000543201
        0.0000970954   0.0002354059   0.0005117410  -0.0000725101   0.0002427953
       -0.0001725292   0.0752653496   0.3247282738  -0.0209216007   0.0004575519
        0.0003000732  -0.0001860993   0.0000185599  -0.0000074817  -0.0000059118
       -0.0001838935  -0.0000235360   0.0000576071   0.0000825408   0.0000607598
       -0.0000135780
       -0.0002167075   0.0001127939   0.0002866101   0.0032660349  -0.0007604559
        0.0061746817  -0.0175945915   0.0202870746  -0.0309352850   0.0082013671
       -0.0025725729  -0.0002280367  -0.0079149384   0.0013738627   0.0014756212
       -0.0000642285  -0.0001421447   0.0020462114   0.0083794965   0.0078029718
        0.0022275252   0.0007525449  -0.0038673278  -0.0019703315   0.0003523243
       -0.0000204527   0.0000318719  -0.0000040421  -0.0001929742  -0.0001978509
       -0.0001393427  -0.0000078381  -0.0002773637   0.0002754578  -0.0001094254
        0.0000720736   0.0044370094  -0.0209216007   0.0219045357   0.0007971143
       -0.0006994831  -0.0009018193   0.0000328642  -0.0001276408   0.0000947331
       -0.0006344132  -0.0002084951   0.0003453123   0.0000740505   0.0000537084
       -0.0001484891
       -0.0009736669   0.0012771183  -0.0004860607  -0.0034996148  -0.0025246523
       -0.0041991041  -0.0177045349   0.0142666580  -0.0096977659  -0.1841476673
        0.1012203483  -0.0924971679   0.0028982360   0.0002754242   0.0011838843
        0.0004146739  -0.0006866013   0.0007843185   0.0001364567  -0.0019497509
        0.0006795152   0.0002456815  -0.0006830963  -0.0010581248   0.0003552976
       -0.0000797503   0.0005694989  -0.0000564093   0.0000116796  -0.0000938606
        0.0001123749   0.0001203661   0.0001710558  -0.0002833526  -0.0000582038
       -0.0001672804   0.0001569041   0.0004575519   0.0007971143   0.2021932393
       -0.1112533517   0.1036482720   0.0000225407  -0.0003819364   0.0004067633
       -0.0000660284  -0.0000003018   0.0000059575   0.0001958695  -0.0000115016
       -0.0000470154
        0.0000491909   0.0002004895  -0.0002089066  -0.0028431228   0.0007844107
        0.0015894218  -0.0048304150   0.0040820180  -0.0033055524   0.0995042735
       -0.1101075548   0.0670811910   0.0195470978  -0.0202145670   0.0124026648
        0.0005368291   0.0000227839  -0.0005801609   0.0008481497  -0.0036714060
        0.0060978011  -0.0014588922   0.0006466207   0.0010280330  -0.0001010286
        0.0002943515  -0.0005834039   0.0000270185  -0.0000220024   0.0000260910
        0.0000029561  -0.0000253585   0.0000289772  -0.0000887247   0.0000294067
       -0.0000776139  -0.0000046239   0.0003000732  -0.0006994831  -0.1112533517
        0.1274110982  -0.0828911861  -0.0003163150   0.0000724903   0.0005178592
        0.0001427895   0.0003681693  -0.0003469705   0.0002381688  -0.0001710231
       -0.0000787617
        0.0003905721  -0.0002146714   0.0004046850  -0.0016844830   0.0034723191
        0.0041291235  -0.0017945342   0.0009023994  -0.0028975525  -0.0900622434
        0.0685228893  -0.0831360618  -0.0099607521   0.0067999892  -0.0076322480
       -0.0009323754  -0.0005267953  -0.0006298260   0.0002478708   0.0038442249
        0.0015840646  -0.0009511855   0.0008182850   0.0005707078   0.0000531850
       -0.0001890939   0.0000205847  -0.0000027700  -0.0000330778   0.0000144725
        0.0000043351  -0.0000894118  -0.0000386597   0.0001489851  -0.0000015457
        0.0001440044   0.0007840201  -0.0001860993  -0.0009018193   0.1036482720
       -0.0828911861   0.0885483006   0.0005005169   0.0000977282  -0.0003340031
       -0.0000424759  -0.0001695665   0.0001406368  -0.0003469377  -0.0001563874
        0.0000135905
        0.0001494084   0.0000277038  -0.0000324125   0.0005129485   0.0005837283
       -0.0000972022   0.0005816419   0.0000382643  -0.0003006410   0.0002240324
        0.0014828188  -0.0006374460  -0.0286015285   0.0196494585   0.0024453935
       -0.1135705094   0.1065425536   0.0149776644  -0.0063313399   0.0006323110
        0.0033390358  -0.0027375413   0.0005039931  -0.0003433153   0.0007464985
       -0.0000773296   0.0001753325   0.0000900438   0.0000317967   0.0000392601
        0.0000047443  -0.0000390568  -0.0000200395   0.0000115642   0.0000179358
        0.0000509689   0.0000956900   0.0000185599   0.0000328642   0.0000225407
       -0.0003163150   0.0005005169   0.1433967276  -0.1266199810  -0.0182591954
       -0.0006835718   0.0034454214  -0.0010760735   0.0060886505  -0.0059218628
       -0.0007947109
        0.0000748575   0.0000341088   0.0000216904  -0.0003192165   0.0000640887
        0.0001120826   0.0001451432   0.0004143244  -0.0000306798  -0.0015376408
        0.0006252835   0.0005722267  -0.0003448286   0.0064782030   0.0009973740
        0.1105331725  -0.2034053219  -0.0212422029  -0.0005946639   0.0006396715
       -0.0004473134  -0.0006196687  -0.0000799357   0.0001636954   0.0000871373
        0.0000795067  -0.0001617716   0.0000113979   0.0000040455   0.0000094821
        0.0000172377   0.0000270085   0.0000202717  -0.0000045668  -0.0000120979
       -0.0000011878   0.0000252670  -0.0000074817  -0.0001276408  -0.0003819364
        0.0000724903   0.0000977282  -0.1266199810   0.2300089685   0.0247385473
        0.0095997541  -0.0157230285  -0.0002364091   0.0099285355  -0.0192198337
       -0.0044858929
       -0.0000621967   0.0000195988  -0.0000558245  -0.0000156387   0.0004518833
       -0.0003154097   0.0004541041  -0.0001194154   0.0001121111   0.0003185261
       -0.0010752411   0.0004495476   0.0065992064  -0.0034530981   0.0007134939
        0.0131762981  -0.0206803856  -0.0465223614  -0.0001506170  -0.0002945807
       -0.0003105233   0.0003494398  -0.0000555815   0.0002010654  -0.0001170767
        0.0000193733   0.0000000400  -0.0000038626  -0.0000140906  -0.0000139663
       -0.0000169953  -0.0000083476  -0.0000062458  -0.0000131246  -0.0000003516
       -0.0000115195  -0.0000966700  -0.0000059118   0.0000947331   0.0004067633
        0.0005178592  -0.0003340031  -0.0182591954   0.0247385473   0.0477304515
       -0.0142628052   0.0227406363   0.0022836737   0.0116938444  -0.0227808942
       -0.0040152629
        0.0000358593  -0.0000261655  -0.0000075153   0.0000987179  -0.0005024304
        0.0006650057  -0.0005014522  -0.0012385138   0.0000327002  -0.0047061259
        0.0010500519   0.0017115273  -0.0056622647  -0.0227252486   0.0290174900
       -0.0422640457   0.0103067226  -0.0134443876   0.0027233954   0.0007915173
       -0.0006231627   0.0001642401  -0.0003655876   0.0001932756  -0.0000937271
        0.0002495834  -0.0004045510   0.0000461885   0.0000196802   0.0000107135
        0.0000168348  -0.0000033377   0.0000280826  -0.0000272718   0.0000210893
       -0.0000048076  -0.0001567172  -0.0001838935  -0.0006344132  -0.0000660284
        0.0001427895  -0.0000424759  -0.0006835718   0.0095997541  -0.0142628052
        0.0506559362  -0.0020301091   0.0076246336   0.0004200326   0.0048940979
       -0.0098593102
        0.0000856126  -0.0000009322  -0.0000949956   0.0001546895   0.0002843970
       -0.0001461749   0.0004541210  -0.0004473030   0.0002833602  -0.0026190517
       -0.0000768205   0.0015912857  -0.0059612668  -0.0090029181   0.0120799865
        0.0073176241  -0.1070051507   0.1050564279   0.0000120490   0.0001161204
       -0.0007819593   0.0003134111   0.0002351488   0.0001923855  -0.0001419242
       -0.0000651137  -0.0002110069   0.0000542848   0.0000106164   0.0000136185
       -0.0000235308  -0.0000443487  -0.0000144403  -0.0000340949   0.0000353659
       -0.0000057010  -0.0000232776  -0.0000235360  -0.0002084951  -0.0000003018
        0.0003681693  -0.0001695665   0.0034454214  -0.0157230285   0.0227406363
       -0.0020301091   0.1226652973  -0.1253883800  -0.0010036566   0.0086740364
       -0.0149369809
       -0.0000117556   0.0000147075  -0.0000769619   0.0002527199   0.0003701626
       -0.0001882136   0.0001588830   0.0001143205   0.0001732617   0.0011243950
       -0.0009234187  -0.0009823540   0.0079360299   0.0104188241  -0.0094316338
       -0.0101941680   0.1057370099  -0.2161753635  -0.0015797920  -0.0011167846
        0.0005518966   0.0000033605   0.0002593662   0.0000677622   0.0000503568
       -0.0000521658   0.0000830133   0.0000125092  -0.0000057864  -0.0000213201
       -0.0000062471   0.0000198077  -0.0000019382   0.0000093496  -0.0000202891
        0.0000297773   0.0000342926   0.0000576071   0.0003453123   0.0000059575
       -0.0003469705   0.0001406368  -0.0010760735  -0.0002364091   0.0022836737
        0.0076246336  -0.1253883800   0.2494972856  -0.0043444515   0.0110983986
       -0.0262948343
       -0.0005199362  -0.0000266856   0.0002371501  -0.0010819602  -0.0014676746
        0.0009481491  -0.0027710588   0.0006342338   0.0001380960  -0.0003368832
        0.0006135987  -0.0025142552  -0.0280356939  -0.0208310481  -0.0155325954
       -0.0650872276  -0.0430924294  -0.0590473702   0.0023161245  -0.0025860064
        0.0002622179   0.0000278327  -0.0010797188  -0.0012309642   0.0005074442
        0.0001352720   0.0005920377  -0.0001761265  -0.0000753385  -0.0000966868
        0.0000264145   0.0000371498   0.0000531289   0.0000350480  -0.0000241072
       -0.0000342797   0.0000530864   0.0000825408   0.0000740505   0.0001958695
        0.0002381688  -0.0003469377   0.0060886505   0.0099285355   0.0116938444
        0.0004200326  -0.0010036566  -0.0043444515   0.0883383836   0.0585171659
        0.0691488661
       -0.0002011235  -0.0000242226   0.0000765144  -0.0001431831  -0.0008291515
        0.0002108331  -0.0010328124   0.0003301676   0.0000671917  -0.0006593794
        0.0006943768  -0.0007365276  -0.0156303318  -0.0052133183  -0.0031038991
       -0.0413748425  -0.1194983465  -0.0981865131   0.0012785126  -0.0012044010
        0.0003364280   0.0001069916  -0.0000842906  -0.0004667649   0.0001425731
       -0.0001033808   0.0001922805  -0.0000741596  -0.0000213057  -0.0000301236
        0.0000148716   0.0000167236   0.0000207651   0.0000099521  -0.0000152127
       -0.0000171821   0.0000850321   0.0000607598   0.0000537084  -0.0000115016
       -0.0001710231  -0.0001563874  -0.0059218628  -0.0192198337  -0.0227808942
        0.0048940979   0.0086740364   0.0110983986   0.0585171659   0.1366084223
        0.1134221721
        0.0000258031   0.0000005431   0.0000702431   0.0002302883  -0.0001813861
        0.0002168980  -0.0002470047   0.0001543323  -0.0002906449   0.0011497436
        0.0011503861  -0.0001738922  -0.0017983004   0.0020165346   0.0097245321
       -0.0582660875  -0.0978159572  -0.1665850893   0.0007216723   0.0008429193
       -0.0000988999  -0.0003372455  -0.0001130353  -0.0003521267   0.0000004989
        0.0000230503   0.0002376228  -0.0000143912   0.0000046307   0.0000212850
        0.0000183618   0.0000086568   0.0000044015   0.0000194071   0.0000023666
       -0.0000102260   0.0000494244  -0.0000135780  -0.0001484891  -0.0000470154
       -0.0000787617   0.0000135905  -0.0007947109  -0.0044858929  -0.0040152629
       -0.0098593102  -0.0149369809  -0.0262948343   0.0691488661   0.1134221721
        0.1876808923
