           1           2   1.0399220703316197     
           2           3   1.4051440320310993     
           3           4   1.4528977670782934     
           4           5   1.2735992040402659     
           5           6  0.98930638880235278     
           2           7  0.41028196993850358     
           4           7  0.14549837957516812     
           5           7   1.2016350993346354     
           2           8  0.89214567851731474     
           7           8   1.0177417072616461     
           8           9   1.8183588287038706     
           1          10  0.96189571471597435     
           1          11  0.97952367554326991     
           1          12  0.96973060272820022     
           3          13  0.94671207153572923     
           4          14  0.96541778795581790     
           6          15  0.97934418989833516     
           6          16  0.97385937110154430     
           6          17  0.97016494641092987     
