$hessian                                                                        
        0.4858146181   0.0257445191  -0.0080919539  -0.1090504488   0.0454240497
       -0.0593849543   0.0078631707   0.0012271753   0.0015963642  -0.0007073331
       -0.0020529786   0.0014415294  -0.0028485831   0.0017964347  -0.0033997761
        0.0029288292  -0.0006263083  -0.0020787636   0.0013113021  -0.0004006373
       -0.0002203597  -0.0135887156   0.0002026465  -0.0097416284  -0.0039848930
        0.0005335160  -0.0048394047  -0.1243844864   0.0899533391   0.0627735786
       -0.1271759838  -0.0742101237   0.0899404818  -0.1165822372  -0.0866369763
       -0.0669849584   0.0000117194  -0.0004419516  -0.0007685326   0.0004613586
       -0.0006590267  -0.0001473963   0.0003020749  -0.0000352893  -0.0002737497
       -0.0003725461  -0.0000168108   0.0000601440   0.0000021543   0.0001984222
        0.0001193797
        0.0257445191   0.4920680481   0.0105871041   0.0393035336  -0.0898115036
        0.0525756714   0.0121347772  -0.0172055485   0.0153678856  -0.0028278890
       -0.0007732901   0.0036725766   0.0039472536  -0.0029087374   0.0033282855
       -0.0017954714   0.0003443185   0.0005953081  -0.0002924292   0.0004357932
        0.0008867420  -0.0026752673   0.0031246518  -0.0043899727  -0.0036540483
        0.0001987765  -0.0038511231   0.0902561688  -0.1406881916  -0.0708511437
       -0.0729255216  -0.1003672923   0.0733123790  -0.0877719132  -0.1442098748
       -0.0811596012   0.0005887853   0.0006607647   0.0003065561   0.0005081615
       -0.0010366553  -0.0003442778   0.0000105541   0.0000399362  -0.0000669644
       -0.0004502023   0.0001615625  -0.0001621943  -0.0001010108  -0.0000327581
        0.0001927688
       -0.0080919539   0.0105871041   0.4793128923  -0.0579203914   0.0613404003
       -0.1369304612  -0.0114220458   0.0059065600  -0.0087262041   0.0010993591
        0.0026563255  -0.0019585545   0.0033277131  -0.0026176265   0.0021938256
       -0.0074856523   0.0006642811   0.0047350194  -0.0008526864   0.0007937388
       -0.0009518001  -0.0036427662   0.0035282139  -0.0045337282  -0.0042921453
       -0.0002844685  -0.0037463937   0.0674928387  -0.0767472634  -0.0897121524
        0.0889233900   0.0734675050  -0.1356560372  -0.0666570895  -0.0793512153
       -0.1057613181  -0.0000086545  -0.0003187316   0.0008496596  -0.0006149100
        0.0009180320   0.0004821693  -0.0002065904  -0.0003095015   0.0003448594
        0.0004652816  -0.0003831085  -0.0000502860  -0.0001136967   0.0001497546
        0.0001085097
       -0.1090504488   0.0393035336  -0.0579203914   0.2622158834   0.0366392470
        0.1144909804  -0.0825019663  -0.0165279885   0.0126202954   0.0364032395
        0.0043856182   0.0018652233  -0.0351322939   0.0044443262  -0.0009810577
        0.0386063931   0.0033848594  -0.0130082616   0.0085861362  -0.0019303268
        0.0060732410  -0.0917145014  -0.0612198506  -0.0417481136  -0.0009144075
       -0.0029442273  -0.0086942314  -0.0144831567   0.0163859831  -0.0137696940
        0.0090898638  -0.0068132528   0.0101309200  -0.0131548336   0.0067248847
       -0.0165425263  -0.0087675923  -0.0259478328   0.0067810298  -0.0019386075
        0.0036736072   0.0024961849   0.0037035356   0.0006174302  -0.0042526091
       -0.0007992950  -0.0006111838   0.0012561039  -0.0001479486   0.0004351728
        0.0012029065
        0.0454240497  -0.0898115036   0.0613404003   0.0366392470   0.4280968646
       -0.2517891566  -0.0746035486  -0.2131440104   0.1270141661   0.0409004638
       -0.0421002311   0.0136154297   0.0051950610  -0.0147742252   0.0194207153
       -0.0376132642  -0.0313406708  -0.0058750645  -0.0012816876  -0.0008079946
       -0.0026135729  -0.0442264766  -0.0062134976   0.0002613322   0.0121566666
       -0.0042319547   0.0105737925   0.0164978817  -0.0144410855   0.0138708776
        0.0079493330  -0.0113913502   0.0146739342  -0.0070055663   0.0089505307
       -0.0094049069  -0.0035329449  -0.0094331712   0.0039500342   0.0042666809
        0.0009824859   0.0031307625  -0.0010395161  -0.0000542132   0.0019385694
       -0.0002157064  -0.0002054683   0.0003793412   0.0004893270  -0.0000805047
       -0.0004866542
       -0.0593849543   0.0525756714  -0.1369304612   0.1144909804  -0.2517891566
        0.3524785309   0.0523212346   0.1193437273  -0.1332815610  -0.0417565051
        0.0268574595  -0.0136785494   0.0223982586   0.0120298389  -0.0091973247
       -0.0403995817  -0.0113128268  -0.0191840210   0.0001761461   0.0003524233
       -0.0003652462  -0.0082515633   0.0214253408  -0.0154120672  -0.0196876135
       -0.0066919032  -0.0064251249   0.0022821323   0.0000683591   0.0092131018
       -0.0109319641   0.0146124376  -0.0184697242  -0.0145091165   0.0065466596
       -0.0158634593   0.0032755978   0.0114071116   0.0031475998   0.0000849384
        0.0043812345   0.0033169183  -0.0011776906  -0.0001596790   0.0010507010
        0.0006339003   0.0008447916  -0.0003176046   0.0004358003  -0.0004914895
       -0.0000817081
        0.0078631707   0.0121347772  -0.0114220458  -0.0825019663  -0.0746035486
        0.0523212346   0.6801520069  -0.0200902130  -0.1009774788  -0.2104187813
        0.1448965700  -0.0439290803  -0.0790536242   0.0025003201   0.0427222845
       -0.0215678820   0.0057085122  -0.0023265336  -0.0016073618   0.0003308083
       -0.0022454197  -0.0150198966  -0.0076370529   0.0098837370   0.0027823880
       -0.0004467142  -0.0012670180   0.0003012652  -0.0001021142   0.0000746373
       -0.0017690832   0.0021833955  -0.0027345887   0.0007216239   0.0006706609
        0.0002600080  -0.2816376072  -0.0649706516   0.0597681479   0.0013355634
       -0.0004177809   0.0002727968   0.0002362336   0.0000020531   0.0008021066
        0.0001578401  -0.0003163475  -0.0005441533   0.0000261109   0.0001573256
       -0.0006586345
        0.0012271753  -0.0172055485   0.0059065600  -0.0165279885  -0.2131440104
        0.1193437273  -0.0200902130   0.4467398322  -0.2133374306   0.0848512168
       -0.1674149511   0.0479019399   0.0610866032   0.0110801190  -0.0191661506
       -0.0371192513   0.0061289535   0.0125566196  -0.0056225186   0.0004752829
       -0.0021354129  -0.0261810430  -0.0176094410   0.0114501933   0.0031096545
        0.0036319564   0.0006810594  -0.0000499340   0.0001076606   0.0012072349
        0.0007785629  -0.0002031342   0.0005766744  -0.0010461808   0.0007156753
       -0.0013864382  -0.0586323524  -0.0373102325   0.0335114592   0.0154975559
       -0.0157041423   0.0016411121  -0.0017993566  -0.0007105873   0.0019914149
        0.0001645975   0.0005773972  -0.0006940612   0.0003534721  -0.0001548298
       -0.0000485013
        0.0015963642   0.0153678856  -0.0087262041   0.0126202954   0.1270141661
       -0.1332815610  -0.1009774788  -0.2133374306   0.2469398524  -0.0202398103
        0.0450427494  -0.0527611652   0.0118680343  -0.0043667171   0.0022444709
        0.0303481180  -0.0010850721  -0.0079736531   0.0042884378  -0.0003592469
        0.0025987542   0.0052164482   0.0013254069  -0.0041639109  -0.0005309708
       -0.0038220371   0.0033878443   0.0006346943   0.0004369280  -0.0006809393
       -0.0015488445   0.0018171996  -0.0016570647   0.0014413435   0.0002696552
        0.0013980219   0.0649848405   0.0220947846  -0.0445522870  -0.0102725852
        0.0094623504  -0.0020731632   0.0011426047   0.0001975047  -0.0014862512
       -0.0002528708  -0.0003198458   0.0003274321  -0.0003186205   0.0002617191
        0.0004598239
       -0.0007073331  -0.0028278890   0.0010993591   0.0364032395   0.0409004638
       -0.0417565051  -0.2104187813   0.0848512168  -0.0202398103   0.5469127626
       -0.0994087945  -0.1446732197  -0.2701954639  -0.0184206331   0.1532854813
       -0.0304244424  -0.0280320544   0.0363943014  -0.0050083288   0.0016029783
       -0.0028650864  -0.0003408513  -0.0003411530   0.0081603771  -0.0018743988
        0.0031401810  -0.0007545174  -0.0006871654   0.0005897339  -0.0000642509
        0.0000417617  -0.0001243740   0.0005005302  -0.0005963144   0.0000053959
       -0.0008346492  -0.0216410238   0.0197039232   0.0026857058  -0.0398215165
       -0.0016452455   0.0065561952  -0.0023278175  -0.0006340463   0.0021400309
        0.0001547249   0.0013793465  -0.0001741400   0.0005309486  -0.0007390496
        0.0005401980
       -0.0020529786  -0.0007732901   0.0026563255   0.0043856182  -0.0421002311
        0.0268574595   0.1448965700  -0.1674149511   0.0450427494  -0.0994087945
        0.5384568307  -0.2767245367  -0.0206209524  -0.0735630098   0.0271112107
       -0.0256206546  -0.0362482283   0.0379777837   0.0007540758  -0.0058603801
        0.0024458673  -0.0001479355   0.0070815121   0.0042147572   0.0019648878
        0.0007246134   0.0031192042   0.0002024907  -0.0000259991  -0.0000568211
        0.0007555493  -0.0003647909   0.0009845430   0.0000799704  -0.0000946030
        0.0002222674  -0.0045933020   0.0012809408  -0.0066729951  -0.0000523725
       -0.2211528362   0.1312410400   0.0001009200   0.0002206716  -0.0000239047
       -0.0007508945  -0.0003128994   0.0019926992   0.0001078025   0.0001466506
       -0.0003876494
        0.0014415294   0.0036725766  -0.0019585545   0.0018652233   0.0136154297
       -0.0136785494  -0.0439290803   0.0479019399  -0.0527611652  -0.1446732197
       -0.2767245367   0.3938974468   0.1557042540   0.0323081645  -0.1592887607
        0.0148604757   0.0407550259  -0.0397582251   0.0021404777   0.0056194832
       -0.0016079150   0.0014900250   0.0060031944   0.0004335076   0.0005284718
       -0.0011595558   0.0013856086   0.0005339427  -0.0004310234   0.0002916800
       -0.0002285368   0.0008117477  -0.0003314542  -0.0001178060  -0.0002126652
        0.0002183632   0.0054006739  -0.0049051593  -0.0008601038   0.0039339920
        0.1324522677  -0.1241477969   0.0004378718   0.0001455420  -0.0003357194
        0.0009509314   0.0000831807  -0.0012904683  -0.0003392260   0.0000643882
       -0.0002078937
       -0.0028485831   0.0039472536   0.0033277131  -0.0351322939   0.0051950610
        0.0223982586  -0.0790536242   0.0610866032   0.0118680343  -0.2701954639
       -0.0206209524   0.1557042540   0.4413965007  -0.0219913231  -0.2033700169
       -0.0433654227   0.0018446223   0.0100495058   0.0016073306  -0.0209955955
        0.0104838632  -0.0097110538  -0.0033163952  -0.0093675079   0.0031669462
       -0.0023861691   0.0039576714  -0.0011230664   0.0006367361  -0.0014429319
        0.0003352438  -0.0001963980  -0.0001005891   0.0005451398  -0.0000773153
        0.0007209119  -0.0032218138   0.0022807167  -0.0039564975  -0.0022794669
       -0.0047959698  -0.0020181205   0.0014305541   0.0006600993  -0.0006653438
       -0.0017346675  -0.0019432610   0.0036978951   0.0001837410   0.0006722873
       -0.0012870996
        0.0017964347  -0.0029087374  -0.0026176265   0.0044443262  -0.0147742252
        0.0120298389   0.0025003201   0.0110801190  -0.0043667171  -0.0184206331
       -0.0735630098   0.0323081645  -0.0219913231   0.3906652926  -0.1562818245
        0.0362262286  -0.2475599013   0.0984414283  -0.0031119587  -0.0063421327
        0.0087365926   0.0217679976  -0.0620846936   0.0059676940  -0.0052240739
        0.0131018315  -0.0070081336   0.0012177022  -0.0011456907   0.0014270494
        0.0000953269  -0.0002472273  -0.0003281534  -0.0000218415   0.0002962370
       -0.0000928049   0.0010536278  -0.0002292264   0.0021632731  -0.0216807243
       -0.0080424222   0.0127120903   0.0011048321   0.0002093793  -0.0011788762
       -0.0002736870   0.0006281637  -0.0013855316   0.0005174454   0.0009162436
       -0.0005264632
       -0.0033997761   0.0033282855   0.0021938256  -0.0009810577   0.0194207153
       -0.0091973247   0.0427222845  -0.0191661506   0.0022444709   0.1532854813
        0.0271112107  -0.1592887607  -0.2033700169  -0.1562818245   0.2944005141
        0.0066877748   0.0939721868  -0.1060719193  -0.0042156993   0.0298052478
       -0.0217570769  -0.0040593202  -0.0072191023  -0.0000019092   0.0005091190
       -0.0000076584   0.0046380912  -0.0019796323   0.0015852991  -0.0014282513
       -0.0003321160  -0.0003345920  -0.0002583785   0.0004343797   0.0000295984
       -0.0000440426   0.0019928268   0.0020089486   0.0077764841   0.0118225619
        0.0040994616  -0.0122993448  -0.0021518821  -0.0004848792   0.0018969996
        0.0030116035   0.0018202697  -0.0048106781   0.0000234692   0.0003129836
        0.0020073006
        0.0029288292  -0.0017954714  -0.0074856523   0.0386063931  -0.0376132642
       -0.0403995817  -0.0215678820  -0.0371192513   0.0303481180  -0.0304244424
       -0.0256206546   0.0148604757  -0.0433654227   0.0362262286   0.0066877748
        0.1588708298   0.0143163327  -0.1607882045  -0.1011862031   0.0070034617
        0.0686792134   0.0120792736   0.0442289636   0.0276980112   0.0028109269
       -0.0028392548   0.0087918353   0.0029116917  -0.0029887623   0.0025977945
       -0.0004466722   0.0003879050   0.0000501501  -0.0005656190  -0.0001458105
       -0.0007489997   0.0012370732   0.0079580216   0.0115614355  -0.0033811280
        0.0002708948   0.0040368846  -0.0267279879  -0.0044506341   0.0360548481
        0.0039582796  -0.0002960211  -0.0044689197   0.0042620601   0.0024773164
        0.0025248167
       -0.0006263083   0.0003443185   0.0006642811   0.0033848594  -0.0313406708
       -0.0113128268   0.0057085122   0.0061289535  -0.0010850721  -0.0280320544
       -0.0362482283   0.0407550259   0.0018446223  -0.2475599013   0.0939721868
        0.0143163327   0.4266234998  -0.1335201003  -0.0071008550  -0.0681240485
        0.0170672773   0.0194477918  -0.0482553593  -0.0391231804  -0.0062881161
       -0.0009686769   0.0164367953  -0.0007715723   0.0008197339  -0.0004052150
        0.0002310234  -0.0002042416   0.0000989800  -0.0001410394   0.0000920706
        0.0005272949   0.0018619900  -0.0019912868   0.0047062272  -0.0006462609
        0.0021656433   0.0055884202  -0.0001569422   0.0029789814  -0.0011030798
       -0.0142985284  -0.0070385389   0.0290102769   0.0112665452   0.0025777514
       -0.0222772911
       -0.0020787636   0.0005953081   0.0047350194  -0.0130082616  -0.0058750645
       -0.0191840210  -0.0023265336   0.0125566196  -0.0079736531   0.0363943014
        0.0379777837  -0.0397582251   0.0100495058   0.0984414283  -0.1060719193
       -0.1607882045  -0.1335201003   0.4543579515   0.0740816156   0.0032212080
       -0.1769510374   0.0153843399  -0.0075116727  -0.0328898397   0.0012647945
       -0.0149438312  -0.0185579756  -0.0000680978   0.0003130191  -0.0002263173
        0.0005165313   0.0001775286   0.0007274510  -0.0001353595  -0.0000156791
        0.0006790997  -0.0014499414   0.0000206684  -0.0032295032   0.0066055253
        0.0029846084  -0.0010740522   0.0149366899   0.0020257223  -0.0034409223
        0.0078060447   0.0066828958  -0.0181837418   0.0128158139  -0.0031304423
       -0.0329583139
        0.0013113021  -0.0002924292  -0.0008526864   0.0085861362  -0.0012816876
        0.0001761461  -0.0016073618  -0.0056225186   0.0042884378  -0.0050083288
        0.0007540758   0.0021404777   0.0016073306  -0.0031119587  -0.0042156993
       -0.1011862031  -0.0071008550   0.0740816156   0.4789656485  -0.0057221835
        0.0267467471  -0.0038246687   0.0076505840   0.0045692228   0.0008412474
       -0.0010867789  -0.0018084964   0.0001452781  -0.0002737962   0.0001176377
       -0.0000651893   0.0001301425  -0.0002864024  -0.0001142059  -0.0001007896
       -0.0000911379   0.0004182525   0.0008512574   0.0021777300   0.0004165140
        0.0006545789   0.0010142068  -0.2625775401   0.0133323209  -0.0441463036
       -0.0549346684   0.0499747181  -0.0215179487  -0.0629735433  -0.0487546803
       -0.0423935472
       -0.0004006373   0.0004357932   0.0007937388  -0.0019303268  -0.0008079946
        0.0003524233   0.0003308083   0.0004752829  -0.0003592469   0.0016029783
       -0.0058603801   0.0056194832  -0.0209955955  -0.0063421327   0.0298052478
        0.0070034617  -0.0681240485   0.0032212080  -0.0057221835   0.5334177173
        0.0016626307   0.0048220584  -0.0004949417  -0.0093365107   0.0009422905
       -0.0017733355  -0.0062659214  -0.0002026995   0.0002068865  -0.0001630755
        0.0005966291  -0.0002684642  -0.0001330306   0.0001196894   0.0000010359
        0.0001677139  -0.0001296165  -0.0002385212  -0.0003756845  -0.0016800503
       -0.0006322193   0.0007809222   0.0136210269  -0.0443482980   0.0015406330
        0.0523662467  -0.2340855401   0.0770519240  -0.0503440797  -0.1715608399
       -0.1043624554
       -0.0002203597   0.0008867420  -0.0009518001   0.0060732410  -0.0026135729
       -0.0003652462  -0.0022454197  -0.0021354129   0.0025987542  -0.0028650864
        0.0024458673  -0.0016079150   0.0104838632   0.0087365926  -0.0217570769
        0.0686792134   0.0170672773  -0.1769510374   0.0267467471   0.0016626307
        0.4619437943   0.0033123457  -0.0006972275  -0.0076187960   0.0016537590
       -0.0017562689  -0.0055845078  -0.0002394867  -0.0002005386   0.0000402624
       -0.0005821552   0.0000179000   0.0000849355   0.0001421671   0.0000508745
        0.0000692505   0.0000819753   0.0001289414   0.0004536798   0.0012170555
        0.0004174413   0.0003330295  -0.0465358857   0.0003961571  -0.0484447251
       -0.0233837467   0.0818005574  -0.0745891969  -0.0423182271  -0.1062079608
       -0.1276534050
       -0.0135887156  -0.0026752673  -0.0036427662  -0.0917145014  -0.0442264766
       -0.0082515633  -0.0150198966  -0.0261810430   0.0052164482  -0.0003408513
       -0.0001479355   0.0014900250  -0.0097110538   0.0217679976  -0.0040593202
        0.0120792736   0.0194477918   0.0153843399  -0.0038246687   0.0048220584
        0.0033123457   0.1683124289   0.0124226651   0.0750036200  -0.0439646952
        0.0177389492  -0.0807810846  -0.0014444716   0.0009129372  -0.0007056241
        0.0014850262  -0.0000578410   0.0006504480  -0.0003078314   0.0014402633
       -0.0003441015  -0.0013002625  -0.0058845803  -0.0036219246  -0.0003347716
        0.0008351725   0.0006208564  -0.0011272046   0.0004752959   0.0008601844
        0.0009960298   0.0000697857  -0.0003834536  -0.0001938343  -0.0007597730
       -0.0007484293
        0.0002026465   0.0031246518   0.0035282139  -0.0612198506  -0.0062134976
        0.0214253408  -0.0076370529  -0.0176094410   0.0013254069  -0.0003411530
        0.0070815121   0.0060031944  -0.0033163952  -0.0620846936  -0.0072191023
        0.0442289636  -0.0482553593  -0.0075116727   0.0076505840  -0.0004949417
       -0.0006972275   0.0124226651   0.1917090734  -0.1069122279   0.0078836210
       -0.0647756959   0.0922311879  -0.0005461390   0.0005989323  -0.0008621608
        0.0007732205   0.0002013197   0.0012147559   0.0003951054   0.0000116562
        0.0008784514  -0.0013998908  -0.0057039587  -0.0070679472   0.0011276639
        0.0013222202   0.0003990731   0.0011801605  -0.0001131864  -0.0018526030
       -0.0008640712   0.0004870902   0.0022221109  -0.0005400778   0.0007143183
        0.0028952061
       -0.0097416284  -0.0043899727  -0.0045337282  -0.0417481136   0.0002613322
       -0.0154120672   0.0098837370   0.0114501933  -0.0041639109   0.0081603771
        0.0042147572   0.0004335076  -0.0093675079   0.0059676940  -0.0000019092
        0.0276980112  -0.0391231804  -0.0328898397   0.0045692228  -0.0093365107
       -0.0076187960   0.0750036200  -0.1069122279   0.5730520939  -0.0647740570
        0.1336258299  -0.5004281564  -0.0003182344   0.0002455727  -0.0002650016
       -0.0005505388   0.0004130370  -0.0011466056  -0.0019955247   0.0009785204
       -0.0013814998   0.0008252222   0.0020240933  -0.0016813875   0.0002108052
        0.0006093000  -0.0006282461   0.0006716086   0.0000616129  -0.0008673156
        0.0003694880   0.0000737525  -0.0015494573   0.0011035126  -0.0001638037
       -0.0009176806
       -0.0039848930  -0.0036540483  -0.0042921453  -0.0009144075   0.0121566666
       -0.0196876135   0.0027823880   0.0031096545  -0.0005309708  -0.0018743988
        0.0019648878   0.0005284718   0.0031669462  -0.0052240739   0.0005091190
        0.0028109269  -0.0062881161   0.0012647945   0.0008412474   0.0009422905
        0.0016537590  -0.0439646952   0.0078836210  -0.0647740570   0.0423694998
       -0.0123989719   0.0864772222   0.0003231866  -0.0002808175   0.0001745377
       -0.0003240401  -0.0002877551   0.0000589642  -0.0014008010   0.0005949330
       -0.0011658351   0.0002505378   0.0013010782  -0.0002146915   0.0000306699
       -0.0002745729  -0.0002139047   0.0004300862  -0.0000993075  -0.0004457112
       -0.0003451148   0.0001513464   0.0002378364  -0.0001971385   0.0004031854
        0.0004202244
        0.0005335160   0.0001987765  -0.0002844685  -0.0029442273  -0.0042319547
       -0.0066919032  -0.0004467142   0.0036319564  -0.0038220371   0.0031401810
        0.0007246134  -0.0011595558  -0.0023861691   0.0131018315  -0.0000076584
       -0.0028392548  -0.0009686769  -0.0149438312  -0.0010867789  -0.0017733355
       -0.0017562689   0.0177389492  -0.0647756959   0.1336258299  -0.0123989719
        0.0525966750  -0.1029677197  -0.0000900411   0.0000739439   0.0000723485
       -0.0001679901   0.0003147334  -0.0007675289   0.0000372325   0.0001041228
       -0.0001302273   0.0003451799   0.0007913772   0.0006421367  -0.0001031124
        0.0001493332  -0.0001442750  -0.0001249971   0.0000935620   0.0002793657
        0.0002604330   0.0001565976  -0.0008599084   0.0005327653  -0.0001878600
       -0.0010842984
       -0.0048394047  -0.0038511231  -0.0037463937  -0.0086942314   0.0105737925
       -0.0064251249  -0.0012670180   0.0006810594   0.0033878443  -0.0007545174
        0.0031192042   0.0013856086   0.0039576714  -0.0070081336   0.0046380912
        0.0087918353   0.0164367953  -0.0185579756  -0.0018084964  -0.0062659214
       -0.0055845078  -0.0807810846   0.0922311879  -0.5004281564   0.0864772222
       -0.1029677197   0.5267306114  -0.0000277719  -0.0002424287  -0.0000987915
        0.0004397319  -0.0009011621   0.0013275257  -0.0011845149   0.0009940073
       -0.0012109414  -0.0009385941  -0.0013956626  -0.0014691270  -0.0000191280
       -0.0005282635   0.0003193769  -0.0001682680  -0.0001940463   0.0001277176
       -0.0005711741  -0.0007262556   0.0014556687   0.0013877427   0.0000446700
       -0.0018514260
       -0.1243844864   0.0902561688   0.0674928387  -0.0144831567   0.0164978817
        0.0022821323   0.0003012652  -0.0000499340   0.0006346943  -0.0006871654
        0.0002024907   0.0005339427  -0.0011230664   0.0012177022  -0.0019796323
        0.0029116917  -0.0007715723  -0.0000680978   0.0001452781  -0.0002026995
       -0.0002394867  -0.0014444716  -0.0005461390  -0.0003182344   0.0003231866
       -0.0000900411  -0.0000277719   0.1432828836  -0.1080241968  -0.0744185299
       -0.0148557345   0.0125480465   0.0140738813   0.0097067059  -0.0107131510
       -0.0076849368  -0.0000352565  -0.0002064337  -0.0001436312   0.0000552288
       -0.0000616256  -0.0000075864   0.0000666124  -0.0000067944  -0.0000598421
        0.0001635937  -0.0000204663   0.0000471821   0.0000568916  -0.0000292364
       -0.0001169218
        0.0899533391  -0.1406881916  -0.0767472634   0.0163859831  -0.0144410855
        0.0000683591  -0.0001021142   0.0001076606   0.0004369280   0.0005897339
       -0.0000259991  -0.0004310234   0.0006367361  -0.0011456907   0.0015852991
       -0.0029887623   0.0008197339   0.0003130191  -0.0002737962   0.0002068865
       -0.0002005386   0.0009129372   0.0005989323   0.0002455727  -0.0002808175
        0.0000739439  -0.0002424287  -0.1080241968   0.1626678930   0.0824596083
       -0.0084642331   0.0094651442   0.0065364454   0.0117738227  -0.0174234993
       -0.0143441787  -0.0000371163  -0.0002237599   0.0002316460  -0.0000895349
        0.0000772898   0.0000073783  -0.0000725408  -0.0000149301   0.0000853649
        0.0001491385  -0.0000812864  -0.0000360792  -0.0000685785   0.0000269583
        0.0000318912
        0.0627735786  -0.0708511437  -0.0897121524  -0.0137696940   0.0138708776
        0.0092131018   0.0000746373   0.0012072349  -0.0006809393  -0.0000642509
       -0.0000568211   0.0002916800  -0.0014429319   0.0014270494  -0.0014282513
        0.0025977945  -0.0004052150  -0.0002263173   0.0001176377  -0.0001630755
        0.0000402624  -0.0007056241  -0.0008621608  -0.0002650016   0.0001745377
        0.0000723485  -0.0000987915  -0.0744185299   0.0824596083   0.1043891734
        0.0156389123  -0.0129967894  -0.0119578225   0.0093091508  -0.0135793180
       -0.0093411001  -0.0001233482  -0.0001164071  -0.0002789144   0.0000131223
       -0.0000147963   0.0000201751   0.0000316173   0.0000199915   0.0000179288
       -0.0001783937  -0.0000933514   0.0000024546  -0.0000282156   0.0000819680
        0.0000145145
       -0.1271759838  -0.0729255216   0.0889233900   0.0090898638   0.0079493330
       -0.0109319641  -0.0017690832   0.0007785629  -0.0015488445   0.0000417617
        0.0007555493  -0.0002285368   0.0003352438   0.0000953269  -0.0003321160
       -0.0004466722   0.0002310234   0.0005165313  -0.0000651893   0.0005966291
       -0.0005821552   0.0014850262   0.0007732205  -0.0005505388  -0.0003240401
       -0.0001679901   0.0004397319  -0.0148557345  -0.0084642331   0.0156389123
        0.1475086289   0.0821158831  -0.1028951073  -0.0133985485  -0.0117673461
        0.0110772663   0.0000883018   0.0001917073  -0.0000426218  -0.0001297636
        0.0001791395   0.0000747088   0.0000192158  -0.0003112165   0.0000596186
       -0.0004720120  -0.0000319451   0.0003414171   0.0000689853   0.0000018775
        0.0000403082
       -0.0742101237  -0.1003672923   0.0734675050  -0.0068132528  -0.0113913502
        0.0146124376   0.0021833955  -0.0002031342   0.0018171996  -0.0001243740
       -0.0003647909   0.0008117477  -0.0001963980  -0.0002472273  -0.0003345920
        0.0003879050  -0.0002042416   0.0001775286   0.0001301425  -0.0002684642
        0.0000179000  -0.0000578410   0.0002013197   0.0004130370  -0.0002877551
        0.0003147334  -0.0009011621   0.0125480465   0.0094651442  -0.0129967894
        0.0821158831   0.1159881685  -0.0887262736  -0.0164664291  -0.0129576164
        0.0126738382   0.0000585838  -0.0000298131  -0.0003645505   0.0001226017
       -0.0002132836  -0.0001760711  -0.0000834481   0.0000779557  -0.0001906476
        0.0006255202   0.0004363200  -0.0002001770   0.0000675434  -0.0002364276
       -0.0001009306
        0.0899404818   0.0733123790  -0.1356560372   0.0101309200   0.0146739342
       -0.0184697242  -0.0027345887   0.0005766744  -0.0016570647   0.0005005302
        0.0009845430  -0.0003314542  -0.0001005891  -0.0003281534  -0.0002583785
        0.0000501501   0.0000989800   0.0007274510  -0.0002864024  -0.0001330306
        0.0000849355   0.0006504480   0.0012147559  -0.0011466056   0.0000589642
       -0.0007675289   0.0013275257   0.0140738813   0.0065364454  -0.0119578225
       -0.1028951073  -0.0887262736   0.1570393397  -0.0088528678  -0.0075563323
        0.0095603051  -0.0000885403  -0.0001328502   0.0001102315  -0.0001773391
        0.0002648801   0.0001539899  -0.0000829129   0.0000806524   0.0000724135
       -0.0001939118   0.0000084926   0.0004217627   0.0000068840  -0.0001075679
       -0.0000208679
       -0.1165822372  -0.0877719132  -0.0666570895  -0.0131548336  -0.0070055663
       -0.0145091165   0.0007216239  -0.0010461808   0.0014413435  -0.0005963144
        0.0000799704  -0.0001178060   0.0005451398  -0.0000218415   0.0004343797
       -0.0005656190  -0.0001410394  -0.0001353595  -0.0001142059   0.0001196894
        0.0001421671  -0.0003078314   0.0003951054  -0.0019955247  -0.0014008010
        0.0000372325  -0.0011845149   0.0097067059   0.0117738227   0.0093091508
       -0.0133985485  -0.0164664291  -0.0088528678   0.1350675348   0.1000463949
        0.0820663446   0.0001282156   0.0000414393   0.0000415634   0.0000507743
       -0.0001016272  -0.0000046871   0.0001176909   0.0000019065   0.0000409320
       -0.0000602330  -0.0001350773  -0.0001288171  -0.0001570612   0.0001941136
        0.0001099022
       -0.0866369763  -0.1442098748  -0.0793512153   0.0067248847   0.0089505307
        0.0065466596   0.0006706609   0.0007156753   0.0002696552   0.0000053959
       -0.0000946030  -0.0002126652  -0.0000773153   0.0002962370   0.0000295984
       -0.0001458105   0.0000920706  -0.0000156791  -0.0001007896   0.0000010359
        0.0000508745   0.0014402633   0.0000116562   0.0009785204   0.0005949330
        0.0001041228   0.0009940073  -0.0107131510  -0.0174234993  -0.0135793180
       -0.0117673461  -0.0129576164  -0.0075563323   0.1000463949   0.1643319690
        0.0919482116   0.0000156761   0.0001575094  -0.0000571790   0.0000004527
        0.0000108897  -0.0000179382  -0.0000167405   0.0000071340   0.0000420135
       -0.0000419089  -0.0000463046  -0.0000638892   0.0000013765   0.0000530675
       -0.0000053243
       -0.0669849584  -0.0811596012  -0.1057613181  -0.0165425263  -0.0094049069
       -0.0158634593   0.0002600080  -0.0013864382   0.0013980219  -0.0008346492
        0.0002222674   0.0002183632   0.0007209119  -0.0000928049  -0.0000440426
       -0.0007489997   0.0005272949   0.0006790997  -0.0000911379   0.0001677139
        0.0000692505  -0.0003441015   0.0008784514  -0.0013814998  -0.0011658351
       -0.0001302273  -0.0012109414  -0.0076849368  -0.0143441787  -0.0093411001
        0.0110772663   0.0126738382   0.0095603051   0.0820663446   0.0919482116
        0.1218474506   0.0002409153   0.0002273837  -0.0002321642   0.0000867485
       -0.0000962516   0.0000011979   0.0000456933  -0.0000703027   0.0000071701
       -0.0000918878   0.0000218219  -0.0000248657  -0.0000088553   0.0000177285
        0.0000785323
        0.0000117194   0.0005887853  -0.0000086545  -0.0087675923  -0.0035329449
        0.0032755978  -0.2816376072  -0.0586323524   0.0649848405  -0.0216410238
       -0.0045933020   0.0054006739  -0.0032218138   0.0010536278   0.0019928268
        0.0012370732   0.0018619900  -0.0014499414   0.0004182525  -0.0001296165
        0.0000819753  -0.0013002625  -0.0013998908   0.0008252222   0.0002505378
        0.0003451799  -0.0009385941  -0.0000352565  -0.0000371163  -0.0001233482
        0.0000883018   0.0000585838  -0.0000885403   0.0001282156   0.0000156761
        0.0002409153   0.3137128564   0.0649642988  -0.0741140873   0.0005121581
       -0.0005697032   0.0000188478   0.0001749158   0.0000010305  -0.0000558624
        0.0000358600  -0.0000509228  -0.0000209245   0.0000336655   0.0000566768
       -0.0000209469
       -0.0004419516   0.0006607647  -0.0003187316  -0.0259478328  -0.0094331712
        0.0114071116  -0.0649706516  -0.0373102325   0.0220947846   0.0197039232
        0.0012809408  -0.0049051593   0.0022807167  -0.0002292264   0.0020089486
        0.0079580216  -0.0019912868   0.0000206684   0.0008512574  -0.0002385212
        0.0001289414  -0.0058845803  -0.0057039587   0.0020240933   0.0013010782
        0.0007913772  -0.0013956626  -0.0002064337  -0.0002237599  -0.0001164071
        0.0001917073  -0.0000298131  -0.0001328502   0.0000414393   0.0001575094
        0.0002273837   0.0649642988   0.0524158533  -0.0297937844  -0.0000156356
       -0.0001979291  -0.0009311253   0.0002921239   0.0000327381  -0.0003499372
       -0.0001090164  -0.0000817655  -0.0000292280  -0.0000084647   0.0001004811
        0.0000609543
       -0.0007685326   0.0003065561   0.0008496596   0.0067810298   0.0039500342
        0.0031475998   0.0597681479   0.0335114592  -0.0445522870   0.0026857058
       -0.0066729951  -0.0008601038  -0.0039564975   0.0021632731   0.0077764841
        0.0115614355   0.0047062272  -0.0032295032   0.0021777300  -0.0003756845
        0.0004536798  -0.0036219246  -0.0070679472  -0.0016813875  -0.0002146915
        0.0006421367  -0.0014691270  -0.0001436312   0.0002316460  -0.0002789144
       -0.0000426218  -0.0003645505   0.0001102315   0.0000415634  -0.0000571790
       -0.0002321642  -0.0741140873  -0.0297937844   0.0412839105  -0.0004517083
       -0.0011235941  -0.0007814115   0.0005558025   0.0000319442  -0.0007506065
       -0.0001567424  -0.0002080192   0.0000822834  -0.0001009777   0.0001204771
        0.0001316564
        0.0004613586   0.0005081615  -0.0006149100  -0.0019386075   0.0042666809
        0.0000849384   0.0013355634   0.0154975559  -0.0102725852  -0.0398215165
       -0.0000523725   0.0039339920  -0.0022794669  -0.0216807243   0.0118225619
       -0.0033811280  -0.0006462609   0.0066055253   0.0004165140  -0.0016800503
        0.0012170555  -0.0003347716   0.0011276639   0.0002108052   0.0000306699
       -0.0001031124  -0.0000191280   0.0000552288  -0.0000895349   0.0000131223
       -0.0001297636   0.0001226017  -0.0001773391   0.0000507743   0.0000004527
        0.0000867485   0.0005121581  -0.0000156356  -0.0004517083   0.0451032499
        0.0028853936  -0.0127392200   0.0001539975   0.0000451529  -0.0001451104
       -0.0002342617  -0.0001493947   0.0005255308   0.0000000010  -0.0000365777
       -0.0000802791
       -0.0006590267  -0.0010366553   0.0009180320   0.0036736072   0.0009824859
        0.0043812345  -0.0004177809  -0.0157041423   0.0094623504  -0.0016452455
       -0.2211528362   0.1324522677  -0.0047959698  -0.0080424222   0.0040994616
        0.0002708948   0.0021656433   0.0029846084   0.0006545789  -0.0006322193
        0.0004174413   0.0008351725   0.0013222202   0.0006093000  -0.0002745729
        0.0001493332  -0.0005282635  -0.0000616256   0.0000772898  -0.0000147963
        0.0001791395  -0.0002132836   0.0002648801  -0.0001016272   0.0000108897
       -0.0000962516  -0.0005697032  -0.0001979291  -0.0011235941   0.0028853936
        0.2423238898  -0.1539034573   0.0001073412   0.0000224113  -0.0001650472
       -0.0000798723  -0.0000245500   0.0002285958  -0.0000007037  -0.0000501250
        0.0000132384
       -0.0001473963  -0.0003442778   0.0004821693   0.0024961849   0.0031307625
        0.0033169183   0.0002727968   0.0016411121  -0.0020731632   0.0065561952
        0.1312410400  -0.1241477969  -0.0020181205   0.0127120903  -0.0122993448
        0.0040368846   0.0055884202  -0.0010740522   0.0010142068   0.0007809222
        0.0003330295   0.0006208564   0.0003990731  -0.0006282461  -0.0002139047
       -0.0001442750   0.0003193769  -0.0000075864   0.0000073783   0.0000201751
        0.0000747088  -0.0001760711   0.0001539899  -0.0000046871  -0.0000179382
        0.0000011979   0.0000188478  -0.0009311253  -0.0007814115  -0.0127392200
       -0.1539034573   0.1364095068   0.0001380327   0.0000626508  -0.0002472428
        0.0000306297  -0.0000010950  -0.0000101611  -0.0001284289  -0.0000452097
        0.0002250548
        0.0003020749   0.0000105541  -0.0002065904   0.0037035356  -0.0010395161
       -0.0011776906   0.0002362336  -0.0017993566   0.0011426047  -0.0023278175
        0.0001009200   0.0004378718   0.0014305541   0.0011048321  -0.0021518821
       -0.0267279879  -0.0001569422   0.0149366899  -0.2625775401   0.0136210269
       -0.0465358857  -0.0011272046   0.0011801605   0.0006716086   0.0004300862
       -0.0001249971  -0.0001682680   0.0000666124  -0.0000725408   0.0000316173
        0.0000192158  -0.0000834481  -0.0000829129   0.0001176909  -0.0000167405
        0.0000456933   0.0001749158   0.0002921239   0.0005558025   0.0001539975
        0.0001073412   0.0001380327   0.3095094779  -0.0148352280   0.0425050586
       -0.0105879492   0.0032564488  -0.0042616417  -0.0127958954  -0.0015446383
       -0.0058801081
       -0.0000352893   0.0000399362  -0.0003095015   0.0006174302  -0.0000542132
       -0.0001596790   0.0000020531  -0.0007105873   0.0001975047  -0.0006340463
        0.0002206716   0.0001455420   0.0006600993   0.0002093793  -0.0004848792
       -0.0044506341   0.0029789814   0.0020257223   0.0133323209  -0.0443482980
        0.0003961571   0.0004752959  -0.0001131864   0.0000616129  -0.0000993075
        0.0000935620  -0.0001940463  -0.0000067944  -0.0000149301   0.0000199915
       -0.0003112165   0.0000779557   0.0000806524   0.0000019065   0.0000071340
       -0.0000703027   0.0000010305   0.0000327381   0.0000319442   0.0000451529
        0.0000224113   0.0000626508  -0.0148352280   0.0450446306  -0.0021538099
        0.0288659940  -0.0037408755   0.0073549693  -0.0236287672   0.0002546905
       -0.0070045286
       -0.0002737497  -0.0000669644   0.0003448594  -0.0042526091   0.0019385694
        0.0010507010   0.0008021066   0.0019914149  -0.0014862512   0.0021400309
       -0.0000239047  -0.0003357194  -0.0006653438  -0.0011788762   0.0018969996
        0.0360548481  -0.0011030798  -0.0034409223  -0.0441463036   0.0015406330
       -0.0484447251   0.0008601844  -0.0018526030  -0.0008673156  -0.0004457112
        0.0002793657   0.0001277176  -0.0000598421   0.0000853649   0.0000179288
        0.0000596186  -0.0001906476   0.0000724135   0.0000409320   0.0000420135
        0.0000071701  -0.0000558624  -0.0003499372  -0.0007506065  -0.0001451104
       -0.0001650472  -0.0002472428   0.0425050586  -0.0021538099   0.0580182951
       -0.0124247402   0.0016120967  -0.0017894297  -0.0199935068  -0.0004045880
       -0.0041738726
       -0.0003725461  -0.0004502023   0.0004652816  -0.0007992950  -0.0002157064
        0.0006339003   0.0001578401   0.0001645975  -0.0002528708   0.0001547249
       -0.0007508945   0.0009509314  -0.0017346675  -0.0002736870   0.0030116035
        0.0039582796  -0.0142985284   0.0078060447  -0.0549346684   0.0523662467
       -0.0233837467   0.0009960298  -0.0008640712   0.0003694880  -0.0003451148
        0.0002604330  -0.0005711741   0.0001635937   0.0001491385  -0.0001783937
       -0.0004720120   0.0006255202  -0.0001939118  -0.0000602330  -0.0000419089
       -0.0000918878   0.0000358600  -0.0001090164  -0.0001567424  -0.0002342617
       -0.0000798723   0.0000306297  -0.0105879492   0.0288659940  -0.0124247402
        0.0614511375  -0.0570080766   0.0214201725   0.0026232823  -0.0083399658
        0.0025654157
       -0.0000168108   0.0001615625  -0.0003831085  -0.0006111838  -0.0002054683
        0.0008447916  -0.0003163475   0.0005773972  -0.0003198458   0.0013793465
       -0.0003128994   0.0000831807  -0.0019432610   0.0006281637   0.0018202697
       -0.0002960211  -0.0070385389   0.0066828958   0.0499747181  -0.2340855401
        0.0818005574   0.0000697857   0.0004870902   0.0000737525   0.0001513464
        0.0001565976  -0.0007262556  -0.0000204663  -0.0000812864  -0.0000933514
       -0.0000319451   0.0004363200   0.0000084926  -0.0001350773  -0.0000463046
        0.0000218219  -0.0000509228  -0.0000817655  -0.0002080192  -0.0001493947
       -0.0000245500  -0.0000010950   0.0032564488  -0.0037408755   0.0016120967
       -0.0570080766   0.2685563561  -0.0981782315   0.0057478615  -0.0253862586
        0.0069620483
        0.0000601440  -0.0001621943  -0.0000502860   0.0012561039   0.0003793412
       -0.0003176046  -0.0005441533  -0.0006940612   0.0003274321  -0.0001741400
        0.0019926992  -0.0012904683   0.0036978951  -0.0013855316  -0.0048106781
       -0.0044689197   0.0290102769  -0.0181837418  -0.0215179487   0.0770519240
       -0.0745891969  -0.0003834536   0.0022221109  -0.0015494573   0.0002378364
       -0.0008599084   0.0014556687   0.0000471821  -0.0000360792   0.0000024546
        0.0003414171  -0.0002001770   0.0004217627  -0.0001288171  -0.0000638892
       -0.0000248657  -0.0000209245  -0.0000292280   0.0000822834   0.0005255308
        0.0002285958  -0.0000101611  -0.0042616417   0.0073549693  -0.0017894297
        0.0214201725  -0.0981782315   0.0930822862   0.0039137167  -0.0166306169
        0.0072440017
        0.0000021543  -0.0001010108  -0.0001136967  -0.0001479486   0.0004893270
        0.0004358003   0.0000261109   0.0003534721  -0.0003186205   0.0005309486
        0.0001078025  -0.0003392260   0.0001837410   0.0005174454   0.0000234692
        0.0042620601   0.0112665452   0.0128158139  -0.0629735433  -0.0503440797
       -0.0423182271  -0.0001938343  -0.0005400778   0.0011035126  -0.0001971385
        0.0005327653   0.0013877427   0.0000568916  -0.0000685785  -0.0000282156
        0.0000689853   0.0000675434   0.0000068840  -0.0001570612   0.0000013765
       -0.0000088553   0.0000336655  -0.0000084647  -0.0001009777   0.0000000010
       -0.0000007037  -0.0001284289  -0.0127958954  -0.0236287672  -0.0199935068
        0.0026232823   0.0057478615   0.0039137167   0.0686775808   0.0556075435
        0.0436628151
        0.0001984222  -0.0000327581   0.0001497546   0.0004351728  -0.0000805047
       -0.0004914895   0.0001573256  -0.0001548298   0.0002617191  -0.0007390496
        0.0001466506   0.0000643882   0.0006722873   0.0009162436   0.0003129836
        0.0024773164   0.0025777514  -0.0031304423  -0.0487546803  -0.1715608399
       -0.1062079608  -0.0007597730   0.0007143183  -0.0001638037   0.0004031854
       -0.0001878600   0.0000446700  -0.0000292364   0.0000269583   0.0000819680
        0.0000018775  -0.0002364276  -0.0001075679   0.0001941136   0.0000530675
        0.0000177285   0.0000566768   0.0001004811   0.0001204771  -0.0000365777
       -0.0000501250  -0.0000452097  -0.0015446383   0.0002546905  -0.0004045880
       -0.0083399658  -0.0253862586  -0.0166306169   0.0556075435   0.1928994426
        0.1261279895
        0.0001193797   0.0001927688   0.0001085097   0.0012029065  -0.0004866542
       -0.0000817081  -0.0006586345  -0.0000485013   0.0004598239   0.0005401980
       -0.0003876494  -0.0002078937  -0.0012870996  -0.0005264632   0.0020073006
        0.0025248167  -0.0222772911  -0.0329583139  -0.0423935472  -0.1043624554
       -0.1276534050  -0.0007484293   0.0028952061  -0.0009176806   0.0004202244
       -0.0010842984  -0.0018514260  -0.0001169218   0.0000318912   0.0000145145
        0.0000403082  -0.0001009306  -0.0000208679   0.0001099022  -0.0000053243
        0.0000785323  -0.0000209469   0.0000609543   0.0001316564  -0.0000802791
        0.0000132384   0.0002250548  -0.0058801081  -0.0070045286  -0.0041738726
        0.0025654157   0.0069620483   0.0072440017   0.0436628151   0.1261279895
        0.1575957739
