           1           2   1.0330494246381348     
           2           3   1.3632576095437166     
           3           4   1.4141464625240838     
           2           5  0.15435567861615643     
           4           5   1.4300184265448559     
           2           6  0.43417029588749523     
           5           6   1.2220784487704439     
           6           7  0.99939050603576574     
           2           8  0.82500655328031458     
           5           8  0.13084557313010547     
           6           8  0.76368697689907195     
           8           9   1.8832078708033746     
           1          10  0.96153985544888476     
           1          11  0.97590638689803444     
           1          12  0.97687815135324074     
           3          13  0.94901260332494719     
           4          14  0.96525953524949482     
           7          15  0.96701764549495073     
           7          16  0.97826680942051669     
           7          17  0.97383683115813580     
