           1           2   1.0301717798695156     
           2           3   1.4746162789819621     
           3           4   1.3701909178950813     
           2           5  0.14693881328152034     
           4           5   1.5078651040963102     
           2           6   1.2575614971132154     
           5           6   1.1990228822930868     
           6           7   1.0068183765763195     
           1           8  0.98423489668821196     
           1           9  0.97093502421516065     
           1          10  0.97107735624941527     
           3          11  0.97511104417500105     
           4          12  0.97026239199030717     
           7          13  0.97308530822798667     
           7          14  0.97864387417253340     
           7          15  0.97327990668785458     
          16          17   1.7547765770769412     
