           1           2   1.8376600325278285     
           2           3  0.93437156510869757     
           3           4  0.99598029751336214     
           3           5   1.2208924779404478     
           3           6  0.14403430535599310     
           5           6   1.6401230902444190     
           6           7   1.1568085795247329     
           2           8  0.94389956714474776     
           7           8   1.7480619897747995     
           8           9   1.0348199692297331     
           4          10  0.97650152540461799     
           4          11  0.97658286195938215     
           4          12  0.97287987483778937     
           6          13  0.96085979256487120     
           7          14  0.95522085622678876     
           9          15  0.96539372132394630     
           9          16  0.96333764364404961     
           9          17  0.97932505775645240     
