           1           2   1.0442062937676486     
           2           3   1.6942243134543411     
           3           4   1.2226790744241292     
           4           5   1.3997198121151395     
           5           6  0.97652373507088630     
           2           7  0.12996926720105414     
           4           7  0.25675849612977159     
           5           7   1.2807019750772792     
           2           8  0.93269319503743686     
           7           8   1.1243313542838065     
           8           9   1.7835377711421734     
           1          10  0.96473116134558712     
           1          11  0.97963080490721166     
           1          12  0.96342890165438999     
           3          13  0.95318219218362266     
           4          14  0.96460678498092112     
           6          15  0.96633957971960593     
           6          16  0.97772566545141915     
           6          17  0.97533794699710663     
