           1           2   1.0272418010291626     
           2           3   1.4841042316196178     
           3           4   1.1977153701060534     
           4           5   1.0049345336560807     
           3           6  0.15345738718797899     
           4           6   1.2764009894604267     
           2           7   1.3382559307607045     
           6           7   1.5118038458892620     
           1           8  0.97385530371551610     
           1           9  0.97347812182244253     
           1          10  0.98434557715171456     
           5          11  0.97438219183843389     
           5          12  0.97869786249291313     
           5          13  0.97504261644975476     
           6          14  0.96930930167443030     
           7          15  0.97504224526399919     
          16          17   1.7548476705095550     
