           1           2   1.0442065038533450     
           2           3   1.6942245109366376     
           3           4   1.2226781989361120     
           4           5   1.3997218432089773     
           5           6  0.97652358214576107     
           2           7  0.12996813206698193     
           4           7  0.25675770539312559     
           5           7   1.2807002237389193     
           2           8  0.93269318048218319     
           7           8   1.1243298449055461     
           8           9   1.7835454681130216     
           1          10  0.96473092159471452     
           1          11  0.97963090698893307     
           1          12  0.96342869202309300     
           3          13  0.95318238359400698     
           4          14  0.96460687995511241     
           6          15  0.96633985815123224     
           6          16  0.97772586606051970     
           6          17  0.97533792286288212     
