$hessian                                                                        
        0.4540275297   0.0031363441   0.0008129119  -0.1943563358  -0.0393433757
        0.0498995002  -0.0187864663   0.0002882424   0.0118021790   0.0028487605
       -0.0007943141   0.0032310291  -0.0041797383   0.0000454446   0.0020209037
       -0.0001996948  -0.0012400634   0.0002117167   0.0038464571  -0.0020858599
       -0.0016318865  -0.0102533360  -0.0048939340   0.0005843096  -0.0015901928
       -0.0018405300  -0.0000707443  -0.0470628054  -0.0356813927  -0.0050694887
       -0.0404424707   0.0032896473   0.0197410679  -0.1430865745   0.0791773596
       -0.0810499822   0.0001196776  -0.0006504116  -0.0002489961  -0.0005053439
        0.0005449289  -0.0001857687   0.0000133568   0.0000481588   0.0000230238
       -0.0005231016   0.0000538336  -0.0001284148   0.0001302783  -0.0000540777
        0.0000586393
        0.0031363441   0.5079100959   0.0126985874  -0.0489290214  -0.0665757565
        0.0169659932   0.0127076318  -0.0005791853  -0.0060551568  -0.0018597801
        0.0008819744  -0.0028526837   0.0050471567  -0.0010057377  -0.0023037347
        0.0002274669   0.0006060003  -0.0001596843  -0.0073558205   0.0033040649
       -0.0032795024  -0.0088166597  -0.0043678233   0.0056479046  -0.0065772864
       -0.0054946323   0.0008998699  -0.0376972547  -0.2714240364  -0.0294441354
        0.0040338051  -0.0572107491  -0.0548788085   0.0846806234  -0.1060089155
        0.0626803054   0.0004047791   0.0002077513   0.0001641370   0.0007189722
       -0.0002211628  -0.0001038676  -0.0000683504  -0.0000500672  -0.0000371587
        0.0004099123  -0.0000072845   0.0000331968  -0.0000625184   0.0000354640
        0.0000247378
        0.0008129119   0.0126985874   0.5010972356   0.0488117359   0.0109428896
       -0.0833253455   0.0193882609   0.0074685023  -0.0016217550   0.0047112838
       -0.0027115401  -0.0016024684  -0.0045759864   0.0006341352   0.0008379194
       -0.0001568961  -0.0005502443   0.0001541100   0.0081149378  -0.0011363125
        0.0035548932  -0.0057236234  -0.0047698581  -0.0005236863  -0.0008386723
       -0.0003955480   0.0007746333  -0.0054289963  -0.0304859399  -0.0479771473
        0.0200712008  -0.0549606061  -0.2704314232  -0.0862484219   0.0634864550
       -0.1022146542  -0.0000814663   0.0002903316   0.0009113885   0.0013279187
       -0.0005906888   0.0003700160   0.0000432455   0.0000726856   0.0000524943
       -0.0003076439  -0.0000106840  -0.0000435399   0.0000802114   0.0000178351
       -0.0000126708
       -0.1943563358  -0.0489290214   0.0488117359   0.4602845818   0.0570072617
       -0.2281036854  -0.1347748475   0.0474957017   0.1362083297  -0.0328858227
        0.0109242298   0.0280046858  -0.0220107156   0.0047284762   0.0093880421
       -0.0007637240  -0.0034769350   0.0001769539   0.0119544067   0.0289487562
        0.0086097632  -0.0209933808  -0.0691793701  -0.0068397151  -0.0134091934
       -0.0143953277   0.0004212458  -0.0123858700  -0.0099310312   0.0027678136
       -0.0078430079   0.0006587717   0.0059313488  -0.0322578878  -0.0011808022
        0.0057314521   0.0051268561  -0.0036525182  -0.0091447767  -0.0051676331
        0.0006988912  -0.0014024402   0.0002067230   0.0003169773  -0.0000280655
       -0.0012066256   0.0003153422  -0.0002646000   0.0004824767  -0.0003494021
       -0.0002680880
       -0.0393433757  -0.0665757565   0.0109428896   0.0570072617   0.2667365613
        0.1341475857   0.0338306573  -0.0783564361  -0.0824060589   0.0140705881
        0.0019808627  -0.0070146705  -0.0039966531   0.0028498908   0.0094974407
        0.0013954690  -0.0005472898  -0.0001650866   0.0103545179  -0.0329297278
       -0.0070158260  -0.0615649562  -0.0788916038  -0.0498122794  -0.0036895359
       -0.0106964827   0.0008885177  -0.0291219025  -0.0101883489   0.0096271008
        0.0048778377   0.0014461614  -0.0017225383   0.0114001826   0.0055866239
       -0.0039705190   0.0055168145  -0.0070122059  -0.0116146607  -0.0011413478
        0.0067815696  -0.0012930401   0.0001295902  -0.0000591232  -0.0000168437
        0.0000894968  -0.0002484156  -0.0002239306   0.0001853554   0.0001237207
        0.0001519196
        0.0498995002   0.0169659932  -0.0833253455  -0.2281036854   0.1341475857
        0.3795286070   0.0688442159  -0.0858724058  -0.2294189183   0.0692844485
        0.0138210016   0.0011977159  -0.0289391073  -0.0001566246  -0.0017456317
        0.0004767140  -0.0038691159  -0.0016640018   0.0516012053   0.0153329746
        0.0021137754  -0.0221889450  -0.0816943135  -0.0537892654   0.0118963104
        0.0095757493   0.0088812946  -0.0006948338   0.0011422678   0.0014888656
        0.0305609107   0.0064162462  -0.0135476513  -0.0110452277  -0.0044193254
        0.0064879702   0.0094692550  -0.0217706424  -0.0151772754   0.0009073945
       -0.0003241693  -0.0003988657  -0.0006111045   0.0007304521   0.0000430921
       -0.0019716509  -0.0002105342  -0.0002952635   0.0006145999   0.0001848608
       -0.0003791023
       -0.0187864663   0.0127076318   0.0193882609  -0.1347748475   0.0338306573
        0.0688442159   0.6509922730   0.0368306260   0.0394987958  -0.3500461100
        0.0165791381   0.0092428484  -0.0672194017  -0.0102536711  -0.0509067981
        0.0005542937  -0.0041828112  -0.0017324862   0.0440822779  -0.0037952355
        0.0103881432  -0.0033820358  -0.0050644173  -0.0011536693   0.0006367664
       -0.0040453844   0.0006618298   0.0016833580   0.0016996514  -0.0002320599
       -0.0036733341  -0.0010817489   0.0018034374  -0.0010409752  -0.0007198321
        0.0013072209  -0.1010718351  -0.0745812350  -0.0960358707  -0.0152919221
        0.0012436426  -0.0008039147  -0.0006797750   0.0005976966   0.0002126177
       -0.0027684001  -0.0000193132  -0.0003325829   0.0007861338   0.0002546049
       -0.0001499881
        0.0002882424  -0.0005791853   0.0074685023   0.0474957017  -0.0783564361
       -0.0858724058   0.0368306260   0.1954922876   0.2092428336  -0.0206405314
       -0.0443732805  -0.0139247977   0.0074580975   0.0036561621  -0.0014099721
        0.0015645524   0.0046655094  -0.0008390150  -0.0173904586   0.0008625735
       -0.0018579664  -0.0018635716  -0.0133654351  -0.0229381397   0.0012780598
        0.0007960135  -0.0001121738  -0.0003527504   0.0007731779   0.0006797335
       -0.0024160267  -0.0000089341   0.0007806448   0.0002663235   0.0007676494
       -0.0000174643  -0.0598867611  -0.0683162697  -0.0928793924   0.0067021365
       -0.0022186426   0.0012699879  -0.0005459095   0.0001682161  -0.0002109953
        0.0016011301  -0.0000913425   0.0003823821  -0.0003888607   0.0001279364
        0.0002382383
        0.0118021790  -0.0060551568  -0.0016217550   0.1362083297  -0.0824060589
       -0.2294189183   0.0394987958   0.2092428336   0.5574266536  -0.0305637588
       -0.0206774522  -0.0662160539  -0.0208732263  -0.0050027012  -0.0281261436
        0.0000556287   0.0022116507  -0.0047553870  -0.0481060030  -0.0116259624
       -0.0159931910  -0.0092019224  -0.0011106106  -0.0207178124   0.0020542108
        0.0031796835   0.0031194730  -0.0016687786  -0.0011155100   0.0006224202
        0.0004232704   0.0001333532  -0.0000182402   0.0008473400   0.0003786153
       -0.0013171370  -0.0998570856  -0.0861948605  -0.1942855876   0.0194990744
       -0.0011521687   0.0012736660  -0.0011585405  -0.0000494355  -0.0003584180
        0.0009032749   0.0002024441   0.0000357540   0.0001372116   0.0000413363
        0.0003506773
        0.0028487605  -0.0018597801   0.0047112838  -0.0328858227   0.0140705881
        0.0692844485  -0.3500461100  -0.0206405314  -0.0305637588   0.7022684345
       -0.0580156887  -0.0550268598  -0.0893652749   0.0061448846  -0.0939564608
       -0.0140508406   0.0006774138  -0.0271434206  -0.0469438192   0.0057957107
        0.0197180737   0.0041312225   0.0072671088  -0.0007406734  -0.0025453499
       -0.0001672227  -0.0012201958  -0.0006945740  -0.0006519330   0.0004349707
       -0.0012374850  -0.0001637921   0.0000569379   0.0002430014   0.0002317664
       -0.0004863316  -0.0159086026   0.0080868887  -0.0068674593  -0.1514796645
        0.0386892235   0.1256999048  -0.0043615241   0.0003592883  -0.0018531932
       -0.0000083670   0.0008461341  -0.0011016379   0.0000360155  -0.0006700589
       -0.0009456281
       -0.0007943141   0.0008819744  -0.0027115401   0.0109242298   0.0019808627
        0.0138210016   0.0165791381  -0.0443732805  -0.0206774522  -0.0580156887
        0.1161607390   0.0938762457   0.0111808881  -0.0381892618  -0.0349702699
        0.0016574353  -0.0046391929   0.0081577113  -0.0110126788  -0.0014667259
       -0.0119216558   0.0011038136   0.0073862081  -0.0025210849  -0.0007336022
        0.0032914051  -0.0003045021   0.0000046918  -0.0002011521  -0.0002034368
        0.0004867204   0.0006292042  -0.0003391628  -0.0002749304   0.0001124343
        0.0000415625  -0.0115920371  -0.0022621477   0.0004335410   0.0379551539
       -0.0392992955  -0.0459734335   0.0033204950  -0.0009024385   0.0021594712
       -0.0013627423   0.0005788565   0.0000020996   0.0005734278   0.0003118107
        0.0011309053
        0.0032310291  -0.0028526837  -0.0016024684   0.0280046858  -0.0070146705
        0.0011977159   0.0092428484  -0.0139247977  -0.0662160539  -0.0550268598
        0.0938762457   0.6432478396  -0.0858421249  -0.0222974339  -0.3089070202
       -0.0105405249   0.0010154133  -0.0089787142  -0.0034091646  -0.0113741440
       -0.0671307053   0.0090170841   0.0074489342  -0.0051860943  -0.0044866420
        0.0011453040   0.0029920698  -0.0002680887  -0.0001506958   0.0004505737
        0.0004346338  -0.0000922246  -0.0002464810  -0.0000809487   0.0001704837
       -0.0001812997  -0.0229402870   0.0012191578  -0.0029085946   0.1287825653
       -0.0460499901  -0.1869149783  -0.0001933512  -0.0007369330  -0.0005783367
        0.0028071335   0.0006722756   0.0001862368   0.0012680119  -0.0010542410
        0.0007763110
       -0.0041797383   0.0050471567  -0.0045759864  -0.0220107156  -0.0039966531
       -0.0289391073  -0.0672194017   0.0074580975  -0.0208732263  -0.0893652749
        0.0111808881  -0.0858421249   0.5897844714  -0.1338284787   0.0647278504
       -0.1954702534   0.0423339719  -0.0389149244  -0.1184883434   0.0495685215
        0.1045082968  -0.0333065291   0.0148142652   0.0104811597   0.0048600162
       -0.0049352888  -0.0016737464   0.0006736216   0.0004814986  -0.0004367165
        0.0005757791   0.0001623363  -0.0001970921  -0.0021950914  -0.0005946162
        0.0007399691  -0.0053468741  -0.0047835931   0.0028918350   0.0050927265
        0.0011632635   0.0174979323  -0.0057988358   0.0045460410  -0.0091916087
       -0.0382911324   0.0002705863  -0.0099313146  -0.0193144247   0.0111120033
       -0.0002711955
        0.0000454446  -0.0010057377   0.0006341352   0.0047284762   0.0028498908
       -0.0001566246  -0.0102536711   0.0036561621  -0.0050027012   0.0061448846
       -0.0381892618  -0.0222974339  -0.1338284787   0.1606401002   0.0818061332
        0.0403458488  -0.0537288002   0.0088809549   0.0476001158  -0.0574689118
       -0.0429033195   0.0310837445  -0.0255706836  -0.0100729993  -0.0005258332
        0.0053510674  -0.0039040937   0.0000099079   0.0002240666   0.0001065366
       -0.0000797182  -0.0001837244   0.0000701178   0.0004717779  -0.0001074546
       -0.0002254197  -0.0009008476   0.0044772409  -0.0027125548  -0.0020911443
       -0.0036804431  -0.0080174061   0.0101149881  -0.0020615882   0.0050444226
       -0.0140339065   0.0107518546  -0.0049860885   0.0211684111  -0.0059537774
        0.0037363411
        0.0020209037  -0.0023037347   0.0008379194   0.0093880421   0.0094974407
       -0.0017456317  -0.0509067981  -0.0014099721  -0.0281261436  -0.0939564608
       -0.0349702699  -0.3089070202   0.0647278504   0.0818061332   0.6751852118
       -0.0389340848   0.0192480145  -0.0881174841   0.1304607358  -0.0596655756
       -0.2176616330  -0.0003365072  -0.0150776485   0.0021723027   0.0038029359
        0.0029623419   0.0013999185  -0.0000212082   0.0000593495  -0.0002239071
        0.0002634980   0.0003666670   0.0000359399   0.0019878386  -0.0000400455
       -0.0002235641  -0.0001434692   0.0011028841   0.0002740576  -0.0050944092
       -0.0055568154  -0.0263649289  -0.0348632194   0.0115364624  -0.0154596605
       -0.0042409573  -0.0027587369   0.0027611673   0.0158453098  -0.0047964947
        0.0041634561
       -0.0001996948   0.0002274669  -0.0001568961  -0.0007637240   0.0013954690
        0.0004767140   0.0005542937   0.0015645524   0.0000556287  -0.0140508406
        0.0016574353  -0.0105405249  -0.1954702534   0.0403458488  -0.0389340848
        0.4614282546   0.0042839990  -0.0250157735  -0.0295021047   0.0122195549
        0.0035758819  -0.0013309122  -0.0016023611  -0.0002565582   0.0008779456
       -0.0011128573   0.0008754429   0.0000170394   0.0000189818   0.0000502610
        0.0000232974  -0.0000457714  -0.0000715797  -0.0002271476  -0.0001183481
        0.0000831965  -0.0002181047   0.0003000572  -0.0001113666   0.0002274196
       -0.0007189299   0.0010354450  -0.0418435864  -0.0032551375   0.0112245330
       -0.1166738936  -0.1075104363   0.0118390947  -0.0628479885   0.0523504764
        0.0458705861
       -0.0012400634   0.0006060003  -0.0005502443  -0.0034769350  -0.0005472898
       -0.0038691159  -0.0041828112   0.0046655094   0.0022116507   0.0006774138
       -0.0046391929   0.0010154133   0.0423339719  -0.0537288002   0.0192480145
        0.0042839990   0.4897595915   0.0169131178   0.0193274802  -0.0086121392
       -0.0087807901   0.0065284736  -0.0036429429  -0.0025498482  -0.0020304120
        0.0005796889   0.0011201957   0.0000232536   0.0000691926   0.0000787414
       -0.0000150473  -0.0001519758   0.0000501032  -0.0006246828  -0.0001704650
        0.0001207272   0.0005855638   0.0011730449  -0.0005551960  -0.0002716912
       -0.0008266091  -0.0001748080  -0.0038869650  -0.0662385311   0.0698509869
       -0.1092370210  -0.1900898669   0.0110000772   0.0512054729  -0.1682052148
       -0.1051290254
        0.0002117167  -0.0001596843   0.0001541100   0.0001769539  -0.0001650866
       -0.0016640018  -0.0017324862  -0.0008390150  -0.0047553870  -0.0271434206
        0.0081577113  -0.0089787142  -0.0389149244   0.0088809549  -0.0881174841
       -0.0250157735   0.0169131178   0.5292473296   0.0236233335  -0.0087150923
        0.0066313783   0.0032798841  -0.0012292893  -0.0010988055  -0.0009423425
        0.0003782017   0.0000991754  -0.0000008747   0.0000324160  -0.0000051912
       -0.0000252777  -0.0000302588   0.0000476701   0.0000586808   0.0000304931
       -0.0000278116  -0.0014507710  -0.0009667961   0.0004407381  -0.0009400836
        0.0006745065   0.0003029455   0.0156453444   0.0691438078  -0.2570829408
        0.0110902227   0.0113994515  -0.0439179526   0.0420798182  -0.1035054380
       -0.1312750583
        0.0038464571  -0.0073558205   0.0081149378   0.0119544067   0.0103545179
        0.0516012053   0.0440822779  -0.0173904586  -0.0481060030  -0.0469438192
       -0.0110126788  -0.0034091646  -0.1184883434   0.0476001158   0.1304607358
       -0.0295021047   0.0193274802   0.0236233335   0.1896371259  -0.1446493103
       -0.1341522610  -0.0713907108   0.0908493662  -0.0287480087   0.0146248233
       -0.0005596477   0.0030867451  -0.0005939347  -0.0012872184   0.0008393445
       -0.0005985914   0.0000607015  -0.0000255918   0.0049619897   0.0008201831
       -0.0007968220  -0.0012508164   0.0116078773  -0.0033492644   0.0003231016
        0.0018430049  -0.0001498542   0.0022517795  -0.0021113826   0.0007086724
        0.0024180663   0.0007095681   0.0000303601  -0.0053317074   0.0011937018
        0.0002716353
       -0.0020858599   0.0033040649  -0.0011363125   0.0289487562  -0.0329297278
        0.0153329746  -0.0037952355   0.0008625735  -0.0116259624   0.0057957107
       -0.0014667259  -0.0113741440   0.0495685215  -0.0574689118  -0.0596655756
        0.0122195549  -0.0086121392  -0.0087150923  -0.1446493103   0.1825086519
        0.0200379242   0.0446603713  -0.0675312567   0.0500691745   0.0059910551
       -0.0240614726   0.0120363489   0.0009708218   0.0009422083  -0.0005984853
        0.0003965041  -0.0003838940   0.0000618854  -0.0006553787  -0.0001095315
       -0.0003783247   0.0005369311   0.0020746506  -0.0026230021   0.0007453385
        0.0039527205  -0.0003684724  -0.0008106599   0.0001332265  -0.0004198661
       -0.0023782021   0.0002538935  -0.0005771699   0.0045410816  -0.0014683301
       -0.0000559002
       -0.0016318865  -0.0032795024   0.0035548932   0.0086097632  -0.0070158260
        0.0021137754   0.0103881432  -0.0018579664  -0.0159931910   0.0197180737
       -0.0119216558  -0.0671307053   0.1045082968  -0.0429033195  -0.2176616330
        0.0035758819  -0.0087807901   0.0066313783  -0.1341522610   0.0200379242
        0.3463817224   0.0038926528   0.0294836974  -0.0362749447  -0.0098443813
        0.0249947008  -0.0150708751  -0.0005514530  -0.0006389025   0.0004714495
       -0.0005375499  -0.0006975782   0.0005184178   0.0010334735   0.0001795686
       -0.0002371160   0.0008172525   0.0036726042  -0.0017246965  -0.0032854964
       -0.0018613081  -0.0061575636   0.0006538893  -0.0006851538   0.0009604407
       -0.0024279742   0.0004623539  -0.0010570817  -0.0007664245   0.0008111537
        0.0006757298
       -0.0102533360  -0.0088166597  -0.0057236234  -0.0209933808  -0.0615649562
       -0.0221889450  -0.0033820358  -0.0018635716  -0.0092019224   0.0041312225
        0.0011038136   0.0090170841  -0.0333065291   0.0310837445  -0.0003365072
       -0.0013309122   0.0065284736   0.0032798841  -0.0713907108   0.0446603713
        0.0038926528   0.2933018197   0.0870084624  -0.1464096008  -0.1501120198
       -0.0962401900   0.1674665098  -0.0011940739   0.0008153547   0.0003085214
        0.0001597114  -0.0006193396   0.0008864741  -0.0022471635  -0.0005959244
       -0.0003323387   0.0000056149  -0.0012770282  -0.0004430025  -0.0005753189
       -0.0008642553  -0.0003592963   0.0002329750   0.0002493605   0.0002393025
       -0.0006558831  -0.0002152663   0.0002911600  -0.0023899796   0.0006076107
       -0.0003863525
       -0.0048939340  -0.0043678233  -0.0047698581  -0.0691793701  -0.0788916038
       -0.0816943135  -0.0050644173  -0.0133654351  -0.0011106106   0.0072671088
        0.0073862081   0.0074489342   0.0148142652  -0.0255706836  -0.0150776485
       -0.0016023611  -0.0036429429  -0.0012292893   0.0908493662  -0.0675312567
        0.0294836974   0.0870084624   0.3343048292  -0.1056023684  -0.1178284652
       -0.1475895346   0.1700356883  -0.0015771567  -0.0000107143  -0.0003003585
        0.0009530344   0.0014219906  -0.0000565824  -0.0006678604  -0.0003245274
        0.0004795322   0.0011299865  -0.0043664765   0.0017431040  -0.0004977068
        0.0023189592   0.0005979767  -0.0000643115   0.0002051013   0.0000032762
       -0.0017699205   0.0001209544  -0.0000495930   0.0011232802  -0.0000970447
        0.0000984134
        0.0005843096   0.0056479046  -0.0005236863  -0.0068397151  -0.0498122794
       -0.0537892654  -0.0011536693  -0.0229381397  -0.0207178124  -0.0007406734
       -0.0025210849  -0.0051860943   0.0104811597  -0.0100729993   0.0021723027
       -0.0002565582  -0.0025498482  -0.0010988055  -0.0287480087   0.0500691745
       -0.0362749447  -0.1464096008  -0.1056023684   0.3999188826   0.1670064671
        0.1397543718  -0.2813643847   0.0019271350   0.0015029865  -0.0002214607
        0.0021820202   0.0015215437  -0.0004135679  -0.0011319242  -0.0001192609
        0.0000531315   0.0025364903  -0.0052167214  -0.0023571739   0.0001932056
        0.0002353087  -0.0002480383  -0.0003370686   0.0003039377  -0.0000140785
        0.0001110467   0.0002551755   0.0001005003   0.0005953843  -0.0004577008
       -0.0000355045
       -0.0015901928  -0.0065772864  -0.0008386723  -0.0134091934  -0.0036895359
        0.0118963104   0.0006367664   0.0012780598   0.0020542108  -0.0025453499
       -0.0007336022  -0.0044866420   0.0048600162  -0.0005258332   0.0038029359
        0.0008779456  -0.0020304120  -0.0009423425   0.0146248233   0.0059910551
       -0.0098443813  -0.1501120198  -0.1178284652   0.1670064671   0.1457964388
        0.1248344922  -0.1678420660  -0.0018666807  -0.0007968337   0.0001281739
        0.0006548113   0.0001097072  -0.0008560551   0.0005716119  -0.0000509853
       -0.0000197202  -0.0001338708   0.0005869425   0.0001811365   0.0003886052
       -0.0002358917  -0.0001620560  -0.0001346988  -0.0000165092  -0.0001587734
        0.0007580784  -0.0000858440   0.0000341311   0.0006229092  -0.0002290579
        0.0000473433
       -0.0018405300  -0.0054946323  -0.0003955480  -0.0143953277  -0.0106964827
        0.0095757493  -0.0040453844   0.0007960135   0.0031796835  -0.0001672227
        0.0032914051   0.0011453040  -0.0049352888   0.0053510674   0.0029623419
       -0.0011128573   0.0005796889   0.0003782017  -0.0005596477  -0.0240614726
        0.0249947008  -0.0962401900  -0.1475895346   0.1397543718   0.1248344922
        0.1785784484  -0.1815471298  -0.0017100378  -0.0004451352   0.0004013000
        0.0003102827  -0.0001961472  -0.0002454162   0.0000116009  -0.0002027187
       -0.0001720287  -0.0003028066   0.0003296856   0.0004128680   0.0001633749
       -0.0003028570  -0.0001378127  -0.0001610027  -0.0000013786  -0.0000741480
        0.0003974563   0.0000532473  -0.0001384446  -0.0002469112   0.0000108027
       -0.0000939929
       -0.0000707443   0.0008998699   0.0007746333   0.0004212458   0.0008885177
        0.0088812946   0.0006618298  -0.0001121738   0.0031194730  -0.0012201958
       -0.0003045021   0.0029920698  -0.0016737464  -0.0039040937   0.0013999185
        0.0008754429   0.0011201957   0.0000991754   0.0030867451   0.0120363489
       -0.0150708751   0.1674665098   0.1700356883  -0.2813643847  -0.1678420660
       -0.1815471298   0.2768697168   0.0003475790  -0.0000697683  -0.0001522148
       -0.0012638904  -0.0005021799   0.0006522570   0.0002040270   0.0001842299
        0.0000500247  -0.0006008563   0.0010063413   0.0010299014  -0.0003068991
        0.0004101004   0.0006160934   0.0004281049  -0.0001809681   0.0000544120
       -0.0004565147  -0.0001225737  -0.0000760184  -0.0000565714   0.0001620973
        0.0001245232
       -0.0470628054  -0.0376972547  -0.0054289963  -0.0123858700  -0.0291219025
       -0.0006948338   0.0016833580  -0.0003527504  -0.0016687786  -0.0006945740
        0.0000046918  -0.0002680887   0.0006736216   0.0000099079  -0.0000212082
        0.0000170394   0.0000232536  -0.0000008747  -0.0005939347   0.0009708218
       -0.0005514530  -0.0011940739  -0.0015771567   0.0019271350  -0.0018666807
       -0.0017100378   0.0003475790   0.0571310494   0.0462369822   0.0047262105
        0.0012096192   0.0018001840  -0.0001777098   0.0027553781   0.0214593060
        0.0016297077   0.0001147897   0.0000284935   0.0001622238   0.0001441381
       -0.0000686816  -0.0000093297  -0.0000024420  -0.0000331032  -0.0000259479
        0.0000783033   0.0000203622   0.0000101678  -0.0000069163   0.0000068838
        0.0000441971
       -0.0356813927  -0.2714240364  -0.0304859399  -0.0099310312  -0.0101883489
        0.0011422678   0.0016996514   0.0007731779  -0.0011155100  -0.0006519330
       -0.0002011521  -0.0001506958   0.0004814986   0.0002240666   0.0000593495
        0.0000189818   0.0000691926   0.0000324160  -0.0012872184   0.0009422083
       -0.0006389025   0.0008153547  -0.0000107143   0.0015029865  -0.0007968337
       -0.0004451352  -0.0000697683   0.0462369822   0.3132716259   0.0345145559
       -0.0011521523  -0.0110259847  -0.0042520233   0.0001808734  -0.0220431574
       -0.0009736413  -0.0000780997   0.0001352300   0.0004107876   0.0001180423
       -0.0000869847   0.0000285498   0.0000006712  -0.0000249399  -0.0000316637
        0.0000538566  -0.0000042097   0.0000113886  -0.0000272511   0.0000391621
        0.0000158432
       -0.0050694887  -0.0294441354  -0.0479771473   0.0027678136   0.0096271008
        0.0014888656  -0.0002320599   0.0006797335   0.0006224202   0.0004349707
       -0.0002034368   0.0004505737  -0.0004367165   0.0001065366  -0.0002239071
        0.0000502610   0.0000787414  -0.0000051912   0.0008393445  -0.0005984853
        0.0004714495   0.0003085214  -0.0003003585  -0.0002214607   0.0001281739
        0.0004013000  -0.0001522148   0.0047262105   0.0345145559   0.0507918697
       -0.0044249813  -0.0323835527  -0.0070788884   0.0009311911   0.0175664675
        0.0021213905   0.0000666677  -0.0000142219  -0.0002866620  -0.0000569572
       -0.0000499345  -0.0000053268  -0.0000397964   0.0000022067  -0.0000057105
        0.0000053395   0.0000003792  -0.0000036746   0.0000015060   0.0000171036
        0.0000136142
       -0.0404424707   0.0040338051   0.0200712008  -0.0078430079   0.0048778377
        0.0305609107  -0.0036733341  -0.0024160267   0.0004232704  -0.0012374850
        0.0004867204   0.0004346338   0.0005757791  -0.0000797182   0.0002634980
        0.0000232974  -0.0000150473  -0.0000252777  -0.0005985914   0.0003965041
       -0.0005375499   0.0001597114   0.0009530344   0.0021820202   0.0006548113
        0.0003102827  -0.0012638904   0.0012096192  -0.0011521523  -0.0044249813
        0.0501321972  -0.0041967648  -0.0253066842   0.0013872890  -0.0035099627
       -0.0220733893  -0.0000212994   0.0001495724  -0.0001665031  -0.0003653780
        0.0001835429  -0.0001347820  -0.0000222154   0.0000056213  -0.0000157363
        0.0000285460  -0.0000024980   0.0000057460   0.0000325313  -0.0000247508
        0.0000075143
        0.0032896473  -0.0572107491  -0.0549606061   0.0006587717   0.0014461614
        0.0064162462  -0.0010817489  -0.0000089341   0.0001333532  -0.0001637921
        0.0006292042  -0.0000922246   0.0001623363  -0.0001837244   0.0003666670
       -0.0000457714  -0.0001519758  -0.0000302588   0.0000607015  -0.0003838940
       -0.0006975782  -0.0006193396   0.0014219906   0.0015215437   0.0001097072
       -0.0001961472  -0.0005021799   0.0018001840  -0.0110259847  -0.0323835527
       -0.0041967648   0.0618497382   0.0632202495   0.0000919911   0.0038894040
        0.0168741671  -0.0000107033  -0.0001057063   0.0001454021  -0.0000599629
        0.0000281030  -0.0000157307   0.0000189459  -0.0000024504   0.0000182585
       -0.0000481581  -0.0000002655  -0.0000031701   0.0000339562   0.0000052301
       -0.0000105862
        0.0197410679  -0.0548788085  -0.2704314232   0.0059313488  -0.0017225383
       -0.0135476513   0.0018034374   0.0007806448  -0.0000182402   0.0000569379
       -0.0003391628  -0.0002464810  -0.0001970921   0.0000701178   0.0000359399
       -0.0000715797   0.0000501032   0.0000476701  -0.0000255918   0.0000618854
        0.0005184178   0.0008864741  -0.0000565824  -0.0004135679  -0.0008560551
       -0.0002454162   0.0006522570  -0.0001777098  -0.0042520233  -0.0070788884
       -0.0253066842   0.0632202495   0.3116951149  -0.0017930775  -0.0028299502
       -0.0216967942  -0.0001025259   0.0001611387   0.0003470434   0.0001163748
       -0.0000191386   0.0001029209   0.0000068397  -0.0000221323   0.0000445428
        0.0000092808   0.0000139095  -0.0000088661  -0.0000214454   0.0000077035
       -0.0000019946
       -0.1430865745   0.0846806234  -0.0862484219  -0.0322578878   0.0114001826
       -0.0110452277  -0.0010409752   0.0002663235   0.0008473400   0.0002430014
       -0.0002749304  -0.0000809487  -0.0021950914   0.0004717779   0.0019878386
       -0.0002271476  -0.0006246828   0.0000586808   0.0049619897  -0.0006553787
        0.0010334735  -0.0022471635  -0.0006678604  -0.0011319242   0.0005716119
        0.0000116009   0.0002040270   0.0027553781   0.0001808734   0.0009311911
        0.0013872890   0.0000919911  -0.0017930775   0.1712810855  -0.0949637663
        0.0950733256  -0.0001196451   0.0000174912   0.0001716945   0.0000536818
        0.0000408347   0.0000254041   0.0000761621   0.0000273754   0.0000282011
       -0.0002594008   0.0000170485  -0.0000572614   0.0001036864  -0.0000195041
       -0.0000043151
        0.0791773596  -0.1060089155   0.0634864550  -0.0011808022   0.0055866239
       -0.0044193254  -0.0007198321   0.0007676494   0.0003786153   0.0002317664
        0.0001124343   0.0001704837  -0.0005946162  -0.0001074546  -0.0000400455
       -0.0001183481  -0.0001704650   0.0000304931   0.0008201831  -0.0001095315
        0.0001795686  -0.0005959244  -0.0003245274  -0.0001192609  -0.0000509853
       -0.0002027187   0.0001842299   0.0214593060  -0.0220431574   0.0175664675
       -0.0035099627   0.0038894040  -0.0028299502  -0.0949637663   0.1189379966
       -0.0744375707   0.0001246856  -0.0003037118  -0.0001615683  -0.0000289768
       -0.0000282176  -0.0000026148  -0.0000092168   0.0000091036   0.0000102959
       -0.0000564619   0.0000069042  -0.0000196019   0.0000155920  -0.0000114163
        0.0000233286
       -0.0810499822   0.0626803054  -0.1022146542   0.0057314521  -0.0039705190
        0.0064879702   0.0013072209  -0.0000174643  -0.0013171370  -0.0004863316
        0.0000415625  -0.0001812997   0.0007399691  -0.0002254197  -0.0002235641
        0.0000831965   0.0001207272  -0.0000278116  -0.0007968220  -0.0003783247
       -0.0002371160  -0.0003323387   0.0004795322   0.0000531315  -0.0000197202
       -0.0001720287   0.0000500247   0.0016297077  -0.0009736413   0.0021213905
       -0.0220733893   0.0168741671  -0.0216967942   0.0950733256  -0.0744375707
        0.1173777317   0.0001532965   0.0000430571  -0.0001752112  -0.0000030958
       -0.0000718849  -0.0000087906  -0.0000004809   0.0000159949  -0.0000133147
        0.0000445500  -0.0000092933   0.0000002677  -0.0000005575   0.0000008003
        0.0000051769
        0.0001196776   0.0004047791  -0.0000814663   0.0051268561   0.0055168145
        0.0094692550  -0.1010718351  -0.0598867611  -0.0998570856  -0.0159086026
       -0.0115920371  -0.0229402870  -0.0053468741  -0.0009008476  -0.0001434692
       -0.0002181047   0.0005855638  -0.0014507710  -0.0012508164   0.0005369311
        0.0008172525   0.0000056149   0.0011299865   0.0025364903  -0.0001338708
       -0.0003028066  -0.0006008563   0.0001147897  -0.0000780997   0.0000666677
       -0.0000212994  -0.0000107033  -0.0001025259  -0.0001196451   0.0001246856
        0.0001532965   0.1183223177   0.0641877219   0.1125569527   0.0005101822
        0.0001737931  -0.0003956351  -0.0003360361   0.0001575966  -0.0001190450
        0.0001295653   0.0000427121   0.0000747654   0.0000780807  -0.0000893290
        0.0000164614
       -0.0006504116   0.0002077513   0.0002903316  -0.0036525182  -0.0070122059
       -0.0217706424  -0.0745812350  -0.0683162697  -0.0861948605   0.0080868887
       -0.0022621477   0.0012191578  -0.0047835931   0.0044772409   0.0011028841
        0.0003000572   0.0011730449  -0.0009667961   0.0116078773   0.0020746506
        0.0036726042  -0.0012770282  -0.0043664765  -0.0052167214   0.0005869425
        0.0003296856   0.0010063413   0.0000284935   0.0001352300  -0.0000142219
        0.0001495724  -0.0001057063   0.0001611387   0.0000174912  -0.0003037118
        0.0000430571   0.0641877219   0.0750162214   0.1066195544   0.0004199859
       -0.0012301768   0.0003296896  -0.0004607753   0.0002865816  -0.0002462994
        0.0000411568  -0.0001031152   0.0001110160  -0.0000206258  -0.0000005965
       -0.0001462331
       -0.0002489961   0.0001641370   0.0009113885  -0.0091447767  -0.0116146607
       -0.0151772754  -0.0960358707  -0.0928793924  -0.1942855876  -0.0068674593
        0.0004335410  -0.0029085946   0.0028918350  -0.0027125548   0.0002740576
       -0.0001113666  -0.0005551960   0.0004407381  -0.0033492644  -0.0026230021
       -0.0017246965  -0.0004430025   0.0017431040  -0.0023571739   0.0001811365
        0.0004128680   0.0010299014   0.0001622238   0.0004107876  -0.0002866620
       -0.0001665031   0.0001454021   0.0003470434   0.0001716945  -0.0001615683
       -0.0001752112   0.1125569527   0.1066195544   0.2133746961   0.0001181460
        0.0006842211   0.0002986075   0.0002295931  -0.0001454329   0.0001755423
        0.0000482950   0.0000589198  -0.0000389756   0.0000073628   0.0000192723
        0.0001022018
       -0.0005053439   0.0007189722   0.0013279187  -0.0051676331  -0.0011413478
        0.0009073945  -0.0152919221   0.0067021365   0.0194990744  -0.1514796645
        0.0379551539   0.1287825653   0.0050927265  -0.0020911443  -0.0050944092
        0.0002274196  -0.0002716912  -0.0009400836   0.0003231016   0.0007453385
       -0.0032854964  -0.0005753189  -0.0004977068   0.0001932056   0.0003886052
        0.0001633749  -0.0003068991   0.0001441381   0.0001180423  -0.0000569572
       -0.0003653780  -0.0000599629   0.0001163748   0.0000536818  -0.0000289768
       -0.0000030958   0.0005101822   0.0004199859   0.0001181460   0.1665357729
       -0.0427359340  -0.1407279955  -0.0000224951   0.0000060635   0.0000778087
        0.0001276364  -0.0001511811  -0.0000360440   0.0000044913   0.0001488773
       -0.0005715071
        0.0005449289  -0.0002211628  -0.0005906888   0.0006988912   0.0067815696
       -0.0003241693   0.0012436426  -0.0022186426  -0.0011521687   0.0386892235
       -0.0392992955  -0.0460499901   0.0011632635  -0.0036804431  -0.0055568154
       -0.0007189299  -0.0008266091   0.0006745065   0.0018430049   0.0039527205
       -0.0018613081  -0.0008642553   0.0023189592   0.0002353087  -0.0002358917
       -0.0003028570   0.0004101004  -0.0000686816  -0.0000869847  -0.0000499345
        0.0001835429   0.0000281030  -0.0000191386   0.0000408347  -0.0000282176
       -0.0000718849   0.0001737931  -0.0012301768   0.0006842211  -0.0427359340
        0.0349249930   0.0534902463   0.0000891413  -0.0000464030   0.0001315687
       -0.0002526054  -0.0000931636  -0.0001411478   0.0002060312   0.0000276105
        0.0001912946
       -0.0001857687  -0.0001038676   0.0003700160  -0.0014024402  -0.0012930401
       -0.0003988657  -0.0008039147   0.0012699879   0.0012736660   0.1256999048
       -0.0459734335  -0.1869149783   0.0174979323  -0.0080174061  -0.0263649289
        0.0010354450  -0.0001748080   0.0003029455  -0.0001498542  -0.0003684724
       -0.0061575636  -0.0003592963   0.0005979767  -0.0002480383  -0.0001620560
       -0.0001378127   0.0006160934  -0.0000093297   0.0000285498  -0.0000053268
       -0.0001347820  -0.0000157307   0.0001029209   0.0000254041  -0.0000026148
       -0.0000087906  -0.0003956351   0.0003296896   0.0002986075  -0.1407279955
        0.0534902463   0.2169416865   0.0001910372  -0.0000882196   0.0005257538
        0.0003379994  -0.0001761395  -0.0000226965  -0.0004566503   0.0006350947
       -0.0003105010
        0.0000133568  -0.0000683504   0.0000432455   0.0002067230   0.0001295902
       -0.0006111045  -0.0006797750  -0.0005459095  -0.0011585405  -0.0043615241
        0.0033204950  -0.0001933512  -0.0057988358   0.0101149881  -0.0348632194
       -0.0418435864  -0.0038869650   0.0156453444   0.0022517795  -0.0008106599
        0.0006538893   0.0002329750  -0.0000643115  -0.0003370686  -0.0001346988
       -0.0001610027   0.0004281049  -0.0000024420   0.0000006712  -0.0000397964
       -0.0000222154   0.0000189459   0.0000068397   0.0000761621  -0.0000092168
       -0.0000004809  -0.0003360361  -0.0004607753   0.0002295931  -0.0000224951
        0.0000891413   0.0001910372   0.0513032366   0.0026187146  -0.0064681768
       -0.0010434164  -0.0077202240   0.0178054994   0.0001607918  -0.0025651311
        0.0086681848
        0.0000481588  -0.0000500672   0.0000726856   0.0003169773  -0.0000591232
        0.0007304521   0.0005976966   0.0001682161  -0.0000494355   0.0003592883
       -0.0009024385  -0.0007369330   0.0045460410  -0.0020615882   0.0115364624
       -0.0032551375  -0.0662385311   0.0691438078  -0.0021113826   0.0001332265
       -0.0006851538   0.0002493605   0.0002051013   0.0003039377  -0.0000165092
       -0.0000013786  -0.0001809681  -0.0000331032  -0.0000249399   0.0000022067
        0.0000056213  -0.0000024504  -0.0000221323   0.0000273754   0.0000091036
        0.0000159949   0.0001575966   0.0002865816  -0.0001454329   0.0000060635
       -0.0000464030  -0.0000882196   0.0026187146   0.0728745648  -0.0843068138
       -0.0047943331  -0.0110042994   0.0262609510   0.0012775718   0.0067144256
       -0.0218514094
        0.0000230238  -0.0000371587   0.0000524943  -0.0000280655  -0.0000168437
        0.0000430921   0.0002126177  -0.0002109953  -0.0003584180  -0.0018531932
        0.0021594712  -0.0005783367  -0.0091916087   0.0050444226  -0.0154596605
        0.0112245330   0.0698509869  -0.2570829408   0.0007086724  -0.0004198661
        0.0009604407   0.0002393025   0.0000032762  -0.0000140785  -0.0001587734
       -0.0000741480   0.0000544120  -0.0000259479  -0.0000316637  -0.0000057105
       -0.0000157363   0.0000182585   0.0000445428   0.0000282011   0.0000102959
       -0.0000133147  -0.0001190450  -0.0002462994   0.0001755423   0.0000778087
        0.0001315687   0.0005257538  -0.0064681768  -0.0843068138   0.2977920238
        0.0026907965   0.0037740374  -0.0052578829   0.0026555912   0.0043514712
       -0.0208779591
       -0.0005231016   0.0004099123  -0.0003076439  -0.0012066256   0.0000894968
       -0.0019716509  -0.0027684001   0.0016011301   0.0009032749  -0.0000083670
       -0.0013627423   0.0028071335  -0.0382911324  -0.0140339065  -0.0042409573
       -0.1166738936  -0.1092370210   0.0110902227   0.0024180663  -0.0023782021
       -0.0024279742  -0.0006558831  -0.0017699205   0.0001110467   0.0007580784
        0.0003974563  -0.0004565147   0.0000783033   0.0000538566   0.0000053395
        0.0000285460  -0.0000481581   0.0000092808  -0.0002594008  -0.0000564619
        0.0000445500   0.0001295653   0.0000411568   0.0000482950   0.0001276364
       -0.0002526054   0.0003379994  -0.0010434164  -0.0047943331   0.0026907965
        0.1521429764   0.1266495747  -0.0081547076   0.0057470487   0.0046907673
       -0.0004884903
        0.0000538336  -0.0000072845  -0.0000106840   0.0003153422  -0.0002484156
       -0.0002105342  -0.0000193132  -0.0000913425   0.0002024441   0.0008461341
        0.0005788565   0.0006722756   0.0002705863   0.0107518546  -0.0027587369
       -0.1075104363  -0.1900898669   0.0113994515   0.0007095681   0.0002538935
        0.0004623539  -0.0002152663   0.0001209544   0.0002551755  -0.0000858440
        0.0000532473  -0.0001225737   0.0000203622  -0.0000042097   0.0000003792
       -0.0000024980  -0.0000002655   0.0000139095   0.0000170485   0.0000069042
       -0.0000092933   0.0000427121  -0.0001031152   0.0000589198  -0.0001511811
       -0.0000931636  -0.0001761395  -0.0077202240  -0.0110042994   0.0037740374
        0.1266495747   0.2138166241  -0.0134297121  -0.0132203990  -0.0239403716
       -0.0001212731
       -0.0001284148   0.0000331968  -0.0000435399  -0.0002646000  -0.0002239306
       -0.0002952635  -0.0003325829   0.0003823821   0.0000357540  -0.0011016379
        0.0000020996   0.0001862368  -0.0099313146  -0.0049860885   0.0027611673
        0.0118390947   0.0110000772  -0.0439179526   0.0000303601  -0.0005771699
       -0.0010570817   0.0002911600  -0.0000495930   0.0001005003   0.0000341311
       -0.0001384446  -0.0000760184   0.0000101678   0.0000113886  -0.0000036746
        0.0000057460  -0.0000031701  -0.0000088661  -0.0000572614  -0.0000196019
        0.0000002677   0.0000747654   0.0001110160  -0.0000389756  -0.0000360440
       -0.0001411478  -0.0000226965   0.0178054994   0.0262609510  -0.0052578829
       -0.0081547076  -0.0134297121   0.0466641826  -0.0100843611  -0.0182322528
        0.0009738431
        0.0001302783  -0.0000625184   0.0000802114   0.0004824767   0.0001853554
        0.0006145999   0.0007861338  -0.0003888607   0.0001372116   0.0000360155
        0.0005734278   0.0012680119  -0.0193144247   0.0211684111   0.0158453098
       -0.0628479885   0.0512054729   0.0420798182  -0.0053317074   0.0045410816
       -0.0007664245  -0.0023899796   0.0011232802   0.0005953843   0.0006229092
       -0.0002469112  -0.0000565714  -0.0000069163  -0.0000272511   0.0000015060
        0.0000325313   0.0000339562  -0.0000214454   0.0001036864   0.0000155920
       -0.0000005575   0.0000780807  -0.0000206258   0.0000073628   0.0000044913
        0.0002060312  -0.0004566503   0.0001607918   0.0012775718   0.0026555912
        0.0057470487  -0.0132203990  -0.0100843611   0.0817065728  -0.0663636139
       -0.0518989970
       -0.0000540777   0.0000354640   0.0000178351  -0.0003494021   0.0001237207
        0.0001848608   0.0002546049   0.0001279364   0.0000413363  -0.0006700589
        0.0003118107  -0.0010542410   0.0111120033  -0.0059537774  -0.0047964947
        0.0523504764  -0.1682052148  -0.1035054380   0.0011937018  -0.0014683301
        0.0008111537   0.0006076107  -0.0000970447  -0.0004577008  -0.0002290579
        0.0000108027   0.0001620973   0.0000068838   0.0000391621   0.0000171036
       -0.0000247508   0.0000052301   0.0000077035  -0.0000195041  -0.0000114163
        0.0000008003  -0.0000893290  -0.0000005965   0.0000192723   0.0001488773
        0.0000276105   0.0006350947  -0.0025651311   0.0067144256   0.0043514712
        0.0046907673  -0.0239403716  -0.0182322528  -0.0663636139   0.1922805887
        0.1217973983
        0.0000586393   0.0000247378  -0.0000126708  -0.0002680880   0.0001519196
       -0.0003791023  -0.0001499881   0.0002382383   0.0003506773  -0.0009456281
        0.0011309053   0.0007763110  -0.0002711955   0.0037363411   0.0041634561
        0.0458705861  -0.1051290254  -0.1312750583   0.0002716353  -0.0000559002
        0.0006757298  -0.0003863525   0.0000984134  -0.0000355045   0.0000473433
       -0.0000939929   0.0001245232   0.0000441971   0.0000158432   0.0000136142
        0.0000075143  -0.0000105862  -0.0000019946  -0.0000043151   0.0000233286
        0.0000051769   0.0000164614  -0.0001462331   0.0001022018  -0.0005715071
        0.0001912946  -0.0003105010   0.0086681848  -0.0218514094  -0.0208779591
       -0.0004884903  -0.0001212731   0.0009738431  -0.0518989970   0.1217973983
        0.1457072574
