           1           2   1.0389000259993837     
           2           3   1.4021759073248119     
           3           4   1.4505205328116308     
           4           5   1.2786192602211108     
           5           6  0.98973961549382006     
           2           7  0.41627444668388869     
           4           7  0.14442230399726380     
           5           7   1.1972973306431398     
           2           8  0.89335656748015135     
           7           8   1.0143902881517806     
           8           9   1.8165632513670462     
           1          10  0.97822007549140966     
           1          11  0.97646799477447843     
           1          12  0.95684311712428383     
           3          13  0.94727129181157554     
           4          14  0.96528569577409584     
           6          15  0.97436564049206920     
           6          16  0.96955398356597400     
           6          17  0.97914222217168789     
