$hessian                                                                        
        0.0876660303  -0.0124477596  -0.1621984062  -0.0814007824   0.0068739390
        0.1372282569  -0.0012567181   0.0012868826   0.0021341318  -0.0005400813
       -0.0006928281  -0.0011508155   0.0013102034  -0.0015840375  -0.0035674019
        0.0006486049  -0.0001583879   0.0005715732   0.0003752756   0.0005152527
        0.0006238752  -0.0007596677   0.0020617543   0.0001354588  -0.0010022872
       -0.0017773385   0.0028254540   0.0001291761   0.0004565922   0.0000473383
        0.0001134628  -0.0002631854   0.0000382862  -0.0002836916   0.0009560579
        0.0009838015   0.0000573278  -0.0000083267   0.0000515681   0.0000711466
        0.0001106281   0.0000613596   0.0004750333  -0.0007652787   0.0006377560
       -0.0048691411   0.0061048366   0.0215462820  -0.0007338916  -0.0006688011
        0.0000314821
       -0.0124477596   0.0127716347   0.0482143936   0.0154797004  -0.0115572023
       -0.0568429206   0.0029530049  -0.0009326884  -0.0037594549   0.0003458407
        0.0005519394   0.0003587776   0.0000026433   0.0023449585   0.0062788040
       -0.0033711562   0.0008792882  -0.0000995133   0.0004501450  -0.0007518630
       -0.0032468322   0.0003903685   0.0069700473   0.0041602246  -0.0066091013
       -0.0048056288   0.0040135521  -0.0002843110  -0.0003042142   0.0000441964
        0.0000327430   0.0002743807  -0.0000416035   0.0001561103  -0.0011292973
       -0.0005134978  -0.0000622154  -0.0000565087  -0.0001331364  -0.0000159223
        0.0001155490  -0.0001043981  -0.0003270991  -0.0006412439   0.0003737524
        0.0034238328  -0.0029389153   0.0011277480  -0.0001168240  -0.0007902357
        0.0001699080
       -0.1621984062   0.0482143936   0.4063505611   0.1542323435  -0.0404831542
       -0.3993188790   0.0045314579  -0.0043679137  -0.0048984291   0.0001708344
        0.0000221311   0.0002848565  -0.0024556693   0.0043738769   0.0098550069
       -0.0032318691   0.0009378375  -0.0013349818  -0.0004870517  -0.0011411168
       -0.0034284909  -0.0003519853   0.0025405490   0.0038808250  -0.0046358762
       -0.0025695322  -0.0071010844  -0.0001684191  -0.0005946384  -0.0001527684
       -0.0000525475   0.0001652596  -0.0001233051  -0.0003077440   0.0005374713
       -0.0023985556  -0.0000500601   0.0000602172  -0.0002371560   0.0002451336
       -0.0000019646  -0.0002354116  -0.0011388132   0.0006675850  -0.0006986268
        0.0143287879  -0.0101338842  -0.0007350670   0.0015698843   0.0017728829
        0.0002915062
       -0.0814007824   0.0154797004   0.1542323435   0.1329719315   0.0023284365
       -0.1285789171   0.0012589316  -0.0011285681  -0.0027379694   0.0003525990
        0.0024732343   0.0014634906  -0.0016179345   0.0020051327   0.0033072565
       -0.0001385731  -0.0000093984  -0.0000949658  -0.0006979639   0.0001937077
       -0.0003197381  -0.0015167933  -0.0026616212   0.0026292900   0.0139507104
       -0.0371158065   0.0075044462  -0.0002526546  -0.0006893672   0.0000873405
       -0.0000976459   0.0006263533   0.0000942313   0.0005130322  -0.0006813444
       -0.0013643861  -0.0000917513   0.0000848603  -0.0000338020  -0.0001300740
        0.0000091171  -0.0001619279   0.0007022587   0.0072802813  -0.0018068626
       -0.0625584326   0.0171676399  -0.0363042164  -0.0012468577  -0.0053623578
        0.0020843868
        0.0068739390  -0.0115572023  -0.0404831542   0.0023284365   0.0251244024
        0.0525252489  -0.0035432106   0.0011810483   0.0032840455  -0.0009560943
       -0.0023793333  -0.0010560994  -0.0010446985  -0.0025294979  -0.0076465198
        0.0059466382  -0.0011052233   0.0010952813  -0.0000674444   0.0015518057
        0.0067689059  -0.0023980476  -0.0201526027  -0.0097397745   0.0203413073
       -0.0167645748   0.0050301956   0.0001038353   0.0002151047   0.0002047467
       -0.0001997638  -0.0003107281  -0.0001639643   0.0007974367   0.0000080576
        0.0006249199   0.0000222091   0.0002037950   0.0000824342  -0.0002126540
        0.0000678534   0.0000224189   0.0004151217   0.0067267131  -0.0019423634
       -0.0239736098   0.0271953497  -0.0113829394  -0.0044334010  -0.0074749675
        0.0027766180
        0.1372282569  -0.0568429206  -0.3993188790  -0.1285789171   0.0525252489
        0.4194583452  -0.0049224845   0.0041521566   0.0055261138  -0.0005536615
       -0.0003598292  -0.0005174225   0.0018855749  -0.0055423756  -0.0117899452
        0.0048668490  -0.0009937016   0.0012836538   0.0002849877   0.0007648908
        0.0046155857  -0.0022711507  -0.0090635829  -0.0045914933   0.0096949657
        0.0046034308   0.0018927123   0.0003193087   0.0006692185   0.0001260384
       -0.0000204989  -0.0002671544   0.0000948094   0.0000283651   0.0007535477
        0.0024572762   0.0001162954   0.0001163071   0.0002804214  -0.0002044087
        0.0000896432   0.0002558770   0.0011942330  -0.0003687746  -0.0000337431
       -0.0203055244   0.0073236481  -0.0189732721   0.0012378094   0.0024402472
       -0.0007660780
       -0.0012567181   0.0029530049   0.0045314579   0.0012589316  -0.0035432106
       -0.0049224845   0.6319048286  -0.1413494664   0.1402752497  -0.1536385170
        0.0056045639  -0.0764779240  -0.1064218640   0.0531898175   0.0734943104
       -0.0167227926  -0.0036407057  -0.0322500651  -0.0442148192  -0.0052085595
       -0.0535979534  -0.2470525933   0.0741806728  -0.0192731192  -0.0193410826
        0.0249441618   0.0170209667   0.0059211491   0.0030090006  -0.0045548103
       -0.0320384098   0.0022698619  -0.0233963360  -0.0074173972  -0.0088588194
       -0.0121916596  -0.0044577606   0.0027210556  -0.0041282737  -0.0017990360
        0.0007040920  -0.0040111490  -0.0006836822   0.0011678887   0.0010590900
       -0.0039913459  -0.0053883772  -0.0010438411  -0.0000488907  -0.0027549811
       -0.0005334588
        0.0012868826  -0.0009326884  -0.0043679137  -0.0011285681   0.0011810483
        0.0041521566  -0.1413494664   0.2603607538   0.1689160375   0.0027278061
       -0.0598093104  -0.0167826956   0.0354935141  -0.1203686245  -0.1176736534
       -0.0101817686   0.0016551211  -0.0248553361   0.0126950206   0.0055948424
        0.0117114056   0.0753614273  -0.0857655401  -0.0057411092   0.0170226603
       -0.0154835225  -0.0049553368   0.0085554984   0.0039032318   0.0070022054
        0.0137684236   0.0006702351   0.0113545180  -0.0216489379  -0.0003386430
       -0.0230659307   0.0017240294   0.0041080195  -0.0018889820   0.0026423039
        0.0024613777  -0.0022155479   0.0014656162   0.0019802340  -0.0018942093
        0.0021251882   0.0005313890  -0.0000639822  -0.0005596297   0.0002520762
        0.0003683738
        0.0021341318  -0.0037594549  -0.0048984291  -0.0027379694   0.0032840455
        0.0055261138   0.1402752497   0.1689160375   0.6212783385  -0.0860290982
       -0.0156772271  -0.1577407984   0.0343408992  -0.0949277149  -0.2376823464
       -0.0533028145  -0.0175753530  -0.0779707710  -0.0181624031  -0.0053888161
       -0.0241342800  -0.0059566758  -0.0100006772  -0.0741620499   0.0264099104
       -0.0096774230  -0.0021195260  -0.0221852638   0.0018347340  -0.0325195930
        0.0027345530   0.0015976451   0.0067197608  -0.0144397672  -0.0104440802
       -0.0134809832  -0.0058489596  -0.0014266771  -0.0023609911   0.0000457759
       -0.0039962663  -0.0045478462   0.0019118623  -0.0039161807  -0.0028983535
        0.0008924119  -0.0002316246   0.0003124201  -0.0000818425   0.0013890330
        0.0006793347
       -0.0005400813   0.0003458407   0.0001708344   0.0003525990  -0.0009560943
       -0.0005536615  -0.1536385170   0.0027278061  -0.0860290982   0.4954827493
       -0.0146491784  -0.0296678818   0.0047588331  -0.0046457739   0.0007968214
       -0.0002117383   0.0026272640   0.0010790560  -0.0042661239   0.0020624422
       -0.0020559034  -0.0196929531  -0.0022836810  -0.0168657852   0.0007695229
       -0.0017235092  -0.0009277705  -0.0692584929  -0.0369173121   0.0659431243
       -0.2045624114   0.0925616482   0.0758384940  -0.0494697785  -0.0407185363
       -0.0058578038   0.0003491008   0.0005732229  -0.0000027696  -0.0001905284
       -0.0000180968  -0.0014265948  -0.0000333121   0.0002742631  -0.0001600159
        0.0002424331   0.0006186596  -0.0002356715  -0.0000913016   0.0001210352
       -0.0000453738
       -0.0006928281   0.0005519394   0.0000221311   0.0024732343  -0.0023793333
       -0.0003598292   0.0056045639  -0.0598093104  -0.0156772271  -0.0146491784
        0.5080188012   0.0132676869  -0.0140618487  -0.0054161034  -0.0072804034
        0.0001859913   0.0027147355  -0.0056370581   0.0040223268   0.0008732978
       -0.0018204229   0.0042393077  -0.0026600247   0.0115917144   0.0003247748
       -0.0023969980   0.0002768828  -0.0365245192  -0.0925697834   0.0870440848
        0.0892207417  -0.0945818782  -0.0407399256  -0.0407683483  -0.2559950680
       -0.0398500821  -0.0002078547   0.0013886468  -0.0010655368   0.0006264765
        0.0010368583   0.0002127967   0.0001245698   0.0001069907   0.0000145038
        0.0003364228   0.0006803811  -0.0000861788  -0.0002538320   0.0004368486
        0.0000868633
       -0.0011508155   0.0003587776   0.0002848565   0.0014634906  -0.0010560994
       -0.0005174225  -0.0764779240  -0.0167826956  -0.1577407984  -0.0296678818
        0.0132676869   0.5013735802  -0.0208364632   0.0000520501  -0.0256980498
       -0.0026186432  -0.0040368420  -0.0065709796   0.0014935481  -0.0027529230
       -0.0012841712  -0.0031086300   0.0047678805   0.0032173341   0.0014127801
       -0.0020466246  -0.0014720807   0.0666971022   0.0876149198  -0.1900796709
        0.0694492650  -0.0387727182  -0.0737886902  -0.0058692655  -0.0406257236
       -0.0477310979  -0.0017362122  -0.0002938280  -0.0006357951   0.0000188278
       -0.0004405900   0.0004198298   0.0001522366   0.0001053583  -0.0000065140
        0.0002951372   0.0011434467  -0.0000123922   0.0004834480  -0.0005020757
        0.0002420619
        0.0013102034   0.0000026433  -0.0024556693  -0.0016179345  -0.0010446985
        0.0018855749  -0.1064218640   0.0354935141   0.0343408992   0.0047588331
       -0.0140618487  -0.0208364632   0.5229321875  -0.1408481313   0.0872275800
       -0.2820350505   0.0339935207  -0.1322573037  -0.0820641013   0.0513216225
        0.0243655874  -0.0442299001   0.0275709443   0.0051128803  -0.0065034271
        0.0088626177   0.0008013198  -0.0006244765  -0.0008664639  -0.0014773320
        0.0014538578  -0.0006156586   0.0004758823  -0.0022196421  -0.0014096912
       -0.0037897969   0.0016922421  -0.0028411622   0.0012713047  -0.0049605593
        0.0067647571   0.0041754538  -0.0007989804   0.0004851252   0.0011570522
       -0.0008264605  -0.0023423646   0.0004715700   0.0001550724  -0.0004647259
       -0.0004685395
       -0.0015840375   0.0023449585   0.0043738769   0.0020051327  -0.0025294979
       -0.0055423756   0.0531898175  -0.1203686245  -0.0949277149  -0.0046457739
       -0.0054161034   0.0000520501  -0.1408481313   0.2074915276   0.1326228995
        0.0349373878  -0.0719223498   0.0049946790   0.0227853232   0.0045089712
       -0.0038705883   0.0375965308  -0.0147712766  -0.0289830352   0.0049720908
        0.0041070727  -0.0000519009   0.0023277313  -0.0007618125   0.0041782983
       -0.0005513045  -0.0000864607   0.0009206292  -0.0011008483  -0.0004420219
       -0.0017282206  -0.0125452186  -0.0038035333  -0.0060236297   0.0039538411
        0.0033995631  -0.0046810648   0.0001511670  -0.0016993879  -0.0011225542
       -0.0010787735   0.0001820087  -0.0003300038   0.0004350655  -0.0002330333
        0.0001186552
       -0.0035674019   0.0062788040   0.0098550069   0.0033072565  -0.0076465198
       -0.0117899452   0.0734943104  -0.1176736534  -0.2376823464   0.0007968214
       -0.0072804034  -0.0256980498   0.0872275800   0.1326228995   0.4669011192
       -0.1261722200   0.0039062631  -0.1710661571  -0.0412153049   0.0232593416
        0.0317662773   0.0296224465  -0.0362334771  -0.0485044771  -0.0001747072
        0.0057983028   0.0050767306  -0.0011800533  -0.0020676819  -0.0007588549
        0.0005721924   0.0008442066   0.0017960026   0.0023405084   0.0007711137
        0.0002564314  -0.0207623328   0.0031744257  -0.0186902071  -0.0026624449
       -0.0020163642   0.0004556548  -0.0000121413  -0.0002650993  -0.0008360723
       -0.0021238721  -0.0017300492  -0.0013753171   0.0005093627  -0.0017421086
        0.0002942043
        0.0006486049  -0.0033711562  -0.0032318691  -0.0001385731   0.0059466382
        0.0048668490  -0.0167227926  -0.0101817686  -0.0533028145  -0.0002117383
        0.0001859913  -0.0026186432  -0.2820350505   0.0349373878  -0.1261722200
        0.5166413613  -0.1344779366   0.0698761100  -0.1936706642   0.0847169255
        0.0524840556   0.0285295414   0.0140577872   0.0626805906   0.0007790584
       -0.0113886298  -0.0087714550  -0.0014521333   0.0009073470  -0.0019347373
        0.0006805152  -0.0004563919  -0.0005583172  -0.0020381817   0.0006646116
       -0.0006072498  -0.0401817479   0.0034211870  -0.0032035748  -0.0137781139
        0.0094104754   0.0109216595   0.0003895097   0.0004716532  -0.0001506683
        0.0024076640   0.0041109170   0.0005109005   0.0001527405   0.0010449617
       -0.0007886161
       -0.0001583879   0.0008792882   0.0009378375  -0.0000093984  -0.0011052233
       -0.0009937016  -0.0036407057   0.0016551211  -0.0175753530   0.0026272640
        0.0027147355  -0.0040368420   0.0339935207  -0.0719223498   0.0039062631
       -0.1344779366   0.2790882825   0.2351448754   0.1064474936  -0.1230582998
       -0.0632105004  -0.0095142789  -0.0108464215  -0.0446574076  -0.0008744955
        0.0078140040  -0.0013567713  -0.0005697900  -0.0005613184  -0.0007568129
        0.0001467860   0.0001191649   0.0003291919   0.0008303253  -0.0003321150
        0.0004135856   0.0046699097  -0.0779615071  -0.1068148526   0.0010855814
       -0.0039973892  -0.0008233500  -0.0000818824   0.0003671220   0.0001254309
       -0.0008054843  -0.0014802680   0.0000564884   0.0003314790  -0.0013728261
       -0.0006880816
        0.0005715732  -0.0000995133  -0.0013349818  -0.0000949658   0.0010952813
        0.0012836538  -0.0322500651  -0.0248553361  -0.0779707710   0.0010790560
       -0.0056370581  -0.0065709796  -0.1322573037   0.0049946790  -0.1710661571
        0.0698761100   0.2351448754   0.7142675996   0.1052313321  -0.0856746916
       -0.1440060282   0.0010413315  -0.0197576362  -0.0384905692  -0.0041944143
       -0.0036159814  -0.0048257865  -0.0010983936  -0.0000137355  -0.0011527994
        0.0009372014  -0.0002289265   0.0003016666  -0.0016163484  -0.0001101606
       -0.0017763580  -0.0002059044  -0.1078781903  -0.2732709008  -0.0073418483
        0.0068839146   0.0054617237  -0.0003216039  -0.0000394926   0.0002721127
        0.0003148331  -0.0000458740  -0.0000102715   0.0003294103  -0.0001621542
       -0.0011111533
        0.0003752756   0.0004501450  -0.0004870517  -0.0006979639  -0.0000674444
        0.0002849877  -0.0442148192   0.0126950206  -0.0181624031  -0.0042661239
        0.0040223268   0.0014935481  -0.0820641013   0.0227853232  -0.0412153049
       -0.1936706642   0.1064474936   0.1052313321   0.7105428303  -0.1940777825
        0.1379698317  -0.1190732281  -0.0173962005  -0.1082684170   0.0051243954
       -0.0021830939   0.0085709397   0.0000969005  -0.0001459338   0.0004000000
       -0.0008620970  -0.0000191119  -0.0009930183   0.0005923701   0.0002111945
        0.0005059156   0.0017073379  -0.0019386538  -0.0008697187  -0.2747954014
        0.0654691662  -0.0882546294   0.0007128815   0.0001987857   0.0008416027
        0.0007630234   0.0008688875   0.0004076225  -0.0002706157   0.0026798777
        0.0025447629
        0.0005152527  -0.0007518630  -0.0011411168   0.0001937077   0.0015518057
        0.0007648908  -0.0052085595   0.0055948424  -0.0053888161   0.0020624422
        0.0008732978  -0.0027529230   0.0513216225   0.0045089712   0.0232593416
        0.0847169255  -0.1230582998  -0.0856746916  -0.1940777825   0.2381249731
        0.1189786346  -0.0064040664  -0.0669192361  -0.0422448400  -0.0050348825
       -0.0115474690  -0.0168006617  -0.0008490657   0.0004059329  -0.0008885649
        0.0004793608   0.0000334062  -0.0000262440  -0.0006322669   0.0001107236
       -0.0000931121   0.0061573228  -0.0059531044  -0.0035096863   0.0649495558
       -0.0456655501   0.0173525003  -0.0005750978  -0.0005195309   0.0001704663
        0.0008786602   0.0014638928  -0.0003586250   0.0015068712   0.0017472076
       -0.0016465521
        0.0006238752  -0.0032468322  -0.0034284909  -0.0003197381   0.0067689059
        0.0046155857  -0.0535979534   0.0117114056  -0.0241342800  -0.0020559034
       -0.0018204229  -0.0012841712   0.0243655874  -0.0038705883   0.0317662773
        0.0524840556  -0.0632105004  -0.1440060282   0.1379698317   0.1189786346
        0.5065582167  -0.0867621672  -0.0529341392  -0.2476199936  -0.0034060808
       -0.0288838931  -0.0370360293  -0.0006882351   0.0009039907  -0.0010048915
        0.0000695708  -0.0004460283  -0.0007554764  -0.0017830200   0.0007016916
       -0.0005186319   0.0173339897  -0.0110184211  -0.0106259387  -0.0894053893
        0.0177305618  -0.0709461451  -0.0002883080   0.0023927426   0.0007766750
        0.0040641510   0.0068505572   0.0002575613   0.0013957338  -0.0006076644
       -0.0026142390
       -0.0007596677   0.0003903685  -0.0003519853  -0.0015167933  -0.0023980476
       -0.0022711507  -0.2470525933   0.0753614273  -0.0059566758  -0.0196929531
        0.0042393077  -0.0031086300  -0.0442299001   0.0375965308   0.0296224465
        0.0285295414  -0.0095142789   0.0010413315  -0.1190732281  -0.0064040664
       -0.0867621672   0.5150125201  -0.1558620175   0.0175117372  -0.0957160070
        0.0340216061   0.0580130814   0.0007450966  -0.0000309642   0.0022345841
       -0.0021172699   0.0004342947  -0.0016590473   0.0001419350   0.0016393727
        0.0011057451  -0.0025022140   0.0032027252  -0.0006022045  -0.0078240806
       -0.0075567536  -0.0209454162  -0.0148594046   0.0183711196   0.0215308785
        0.0050993162   0.0102725563  -0.0002614219   0.0058157024  -0.0037631807
       -0.0091411054
        0.0020617543   0.0069700473   0.0025405490  -0.0026616212  -0.0201526027
       -0.0090635829   0.0741806728  -0.0857655401  -0.0100006772  -0.0022836810
       -0.0026600247   0.0047678805   0.0275709443  -0.0147712766  -0.0362334771
        0.0140577872  -0.0108464215  -0.0197576362  -0.0173962005  -0.0669192361
       -0.0529341392  -0.1558620175   0.2972078188   0.2192033647   0.0568783678
       -0.0821827627  -0.0906745768   0.0010266192   0.0001807978  -0.0000264312
       -0.0005929345   0.0005382666  -0.0012664469  -0.0008612201  -0.0009586072
       -0.0016869455   0.0048274220   0.0034917632  -0.0027107059   0.0014793258
       -0.0006744015   0.0074067892   0.0038019566  -0.0043021016  -0.0024069220
       -0.0019413106  -0.0186982253  -0.0084811907  -0.0042858646  -0.0004574937
        0.0013241481
        0.0001354588   0.0041602246   0.0038808250   0.0026292900  -0.0097397745
       -0.0045914933  -0.0192731192  -0.0057411092  -0.0741620499  -0.0168657852
        0.0115917144   0.0032173341   0.0051128803  -0.0289830352  -0.0485044771
        0.0626805906  -0.0446574076  -0.0384905692  -0.1082684170  -0.0422448400
       -0.2476199936   0.0175117372   0.2192033647   0.6202964350   0.0605897175
       -0.0480798217  -0.1840671743  -0.0003782965  -0.0006862364  -0.0004765543
       -0.0037752812  -0.0003324343  -0.0032066609   0.0011051888  -0.0016015916
       -0.0000250387   0.0020553776  -0.0038404673   0.0002772057  -0.0005915544
       -0.0007163827  -0.0058358237   0.0011662280  -0.0050164498   0.0011605204
       -0.0103317911  -0.0229092740   0.0014899876   0.0064977757  -0.0204064795
       -0.0233424728
       -0.0010022872  -0.0066091013  -0.0046358762   0.0139507104   0.0203413073
        0.0096949657  -0.0193410826   0.0170226603   0.0264099104   0.0007695229
        0.0003247748   0.0014127801  -0.0065034271   0.0049720908  -0.0001747072
        0.0007790584  -0.0008744955  -0.0041944143   0.0051243954  -0.0050348825
       -0.0034060808  -0.0957160070   0.0568783678   0.0605897175   0.4891768440
       -0.0883295261   0.0093963740   0.0000212407  -0.0000365753   0.0003250690
        0.0001759905  -0.0001049660   0.0001876390   0.0000626385   0.0000330377
        0.0002008680   0.0005475884  -0.0002220665  -0.0003723079   0.0002045504
       -0.0003032723  -0.0004711428  -0.2920452336   0.0002950080  -0.0024596597
       -0.0183733024  -0.0252053597   0.0031698292  -0.0778311999   0.0268529986
       -0.0956729639
       -0.0017773385  -0.0048056288  -0.0025695322  -0.0371158065  -0.0167645748
        0.0046034308   0.0249441618  -0.0154835225  -0.0096774230  -0.0017235092
       -0.0023969980  -0.0020466246   0.0088626177   0.0041070727   0.0057983028
       -0.0113886298   0.0078140040  -0.0036159814  -0.0021830939  -0.0115474690
       -0.0288838931   0.0340216061  -0.0821827627  -0.0480798217  -0.0883295261
        0.1087126128   0.0596603433  -0.0003534521   0.0007610176  -0.0002666529
        0.0001006775  -0.0000216810  -0.0002366722  -0.0013593837   0.0016333688
        0.0004771254   0.0001414743   0.0000885987  -0.0002238683   0.0002287094
       -0.0001103518   0.0003385129   0.0175308364  -0.0187179664  -0.0042586753
        0.0338052002   0.0608853878  -0.0073191122   0.0245954565  -0.0319711074
        0.0363005415
        0.0028254540   0.0040135521  -0.0071010844   0.0075044462   0.0050301956
        0.0018927123   0.0170209667  -0.0049553368  -0.0021195260  -0.0009277705
        0.0002768828  -0.0014720807   0.0008013198  -0.0000519009   0.0050767306
       -0.0087714550  -0.0013567713  -0.0048257865   0.0085709397  -0.0168006617
       -0.0370360293   0.0580130814  -0.0906745768  -0.1840671743   0.0093963740
        0.0596603433   0.5468101477  -0.0007247852   0.0006206576   0.0001199919
       -0.0001285037  -0.0000553306  -0.0001205364  -0.0006322223   0.0008046380
        0.0003154552   0.0008181822  -0.0008645918  -0.0005022928   0.0004776008
        0.0000223351   0.0003492653  -0.0046764157  -0.0005038452  -0.0420647240
        0.0008165657  -0.0023275404  -0.0167088751  -0.0903837779   0.0471619511
       -0.2585461935
        0.0001291761  -0.0002843110  -0.0001684191  -0.0002526546   0.0001038353
        0.0003193087   0.0059211491   0.0085554984  -0.0221852638  -0.0692584929
       -0.0365245192   0.0666971022  -0.0006244765   0.0023277313  -0.0011800533
       -0.0014521333  -0.0005697900  -0.0010983936   0.0000969005  -0.0008490657
       -0.0006882351   0.0007450966   0.0010266192  -0.0003782965   0.0000212407
       -0.0003534521  -0.0007247852   0.0776479004   0.0419111875  -0.0688616798
       -0.0109674680  -0.0116790614   0.0222605107  -0.0015643359  -0.0038536450
        0.0055474183  -0.0002420282  -0.0002330651   0.0000607751  -0.0000403372
       -0.0002294338   0.0001389025   0.0000138356   0.0000088534  -0.0000664772
        0.0001564475   0.0002051721   0.0000523542  -0.0003298199   0.0004374460
        0.0002752321
        0.0004565922  -0.0003042142  -0.0005946384  -0.0006893672   0.0002151047
        0.0006692185   0.0030090006   0.0039032318   0.0018347340  -0.0369173121
       -0.0925697834   0.0876149198  -0.0008664639  -0.0007618125  -0.0020676819
        0.0009073470  -0.0005613184  -0.0000137355  -0.0001459338   0.0004059329
        0.0009039907  -0.0000309642   0.0001807978  -0.0006862364  -0.0000365753
        0.0007610176   0.0006206576   0.0419111875   0.1024178054  -0.1021412763
        0.0050629652   0.0065844381  -0.0104986003  -0.0132910505  -0.0195072172
        0.0250258642  -0.0000170146  -0.0000113745  -0.0000656834  -0.0000088906
        0.0000113345  -0.0000560806  -0.0001697761   0.0000109592  -0.0001828249
       -0.0000879080  -0.0003716650  -0.0000067358   0.0009141637  -0.0004032368
       -0.0003558914
        0.0000473383   0.0000441964  -0.0001527684   0.0000873405   0.0002047467
        0.0001260384  -0.0045548103   0.0070022054  -0.0325195930   0.0659431243
        0.0870440848  -0.1900796709  -0.0014773320   0.0041782983  -0.0007588549
       -0.0019347373  -0.0007568129  -0.0011527994   0.0004000000  -0.0008885649
       -0.0010048915   0.0022345841  -0.0000264312  -0.0004765543   0.0003250690
       -0.0002666529   0.0001199919  -0.0688616798  -0.1021412763   0.2331314252
        0.0078729843   0.0054634987  -0.0110417919   0.0004431970   0.0005087367
        0.0030981044  -0.0003772759  -0.0004206535   0.0000913935  -0.0000147113
       -0.0001159364   0.0001337582   0.0001644618  -0.0001025213   0.0000142594
       -0.0000079230  -0.0000298155   0.0000303306  -0.0002896297   0.0003028978
        0.0004416226
        0.0001134628   0.0000327430  -0.0000525475  -0.0000976459  -0.0001997638
       -0.0000204989  -0.0320384098   0.0137684236   0.0027345530  -0.2045624114
        0.0892207417   0.0694492650   0.0014538578  -0.0005513045   0.0005721924
        0.0006805152   0.0001467860   0.0009372014  -0.0008620970   0.0004793608
        0.0000695708  -0.0021172699  -0.0005929345  -0.0037752812   0.0001759905
        0.0001006775  -0.0001285037  -0.0109674680   0.0050629652   0.0078729843
        0.2438852601  -0.1068920036  -0.0770751428   0.0038876311  -0.0000965081
       -0.0003167264   0.0001715007  -0.0000478693   0.0001254620   0.0000068013
       -0.0001089146  -0.0002998648   0.0001110451  -0.0000259578  -0.0000133564
        0.0000162794  -0.0001650632   0.0000105031   0.0001429580  -0.0001313785
       -0.0000898104
       -0.0002631854   0.0002743807   0.0001652596   0.0006263533  -0.0003107281
       -0.0002671544   0.0022698619   0.0006702351   0.0015976451   0.0925616482
       -0.0945818782  -0.0387727182  -0.0006156586  -0.0000864607   0.0008442066
       -0.0004563919   0.0001191649  -0.0002289265  -0.0000191119   0.0000334062
       -0.0004460283   0.0004342947   0.0005382666  -0.0003324343  -0.0001049660
       -0.0000216810  -0.0000553306  -0.0116790614   0.0065844381   0.0054634987
       -0.1068920036   0.1035624259   0.0438780661   0.0244544903  -0.0167057749
       -0.0120416652  -0.0000789607  -0.0000520586  -0.0000005303  -0.0000394793
        0.0000500057  -0.0000285341  -0.0000396776  -0.0000813807   0.0000477530
       -0.0001609394   0.0001254969   0.0000389240   0.0000027874  -0.0001178578
        0.0001379688
        0.0000382862  -0.0000416035  -0.0001233051   0.0000942313  -0.0001639643
        0.0000948094  -0.0233963360   0.0113545180   0.0067197608   0.0758384940
       -0.0407399256  -0.0737886902   0.0004758823   0.0009206292   0.0017960026
       -0.0005583172   0.0003291919   0.0003016666  -0.0009930183  -0.0000262440
       -0.0007554764  -0.0016590473  -0.0012664469  -0.0032066609   0.0001876390
       -0.0002366722  -0.0001205364   0.0222605107  -0.0104986003  -0.0110417919
       -0.0770751428   0.0438780661   0.0816669748   0.0049273524  -0.0036585298
       -0.0015182592   0.0000443858   0.0000374457   0.0000069667  -0.0001192488
       -0.0000618090  -0.0002915987   0.0000343290   0.0000449430   0.0000965015
       -0.0000162263   0.0000723241   0.0000020248  -0.0000837739   0.0000566775
        0.0001616117
       -0.0002836916   0.0001561103  -0.0003077440   0.0005130322   0.0007974367
        0.0000283651  -0.0074173972  -0.0216489379  -0.0144397672  -0.0494697785
       -0.0407683483  -0.0058692655  -0.0022196421  -0.0011008483   0.0023405084
       -0.0020381817   0.0008303253  -0.0016163484   0.0005923701  -0.0006322669
       -0.0017830200   0.0001419350  -0.0008612201   0.0011051888   0.0000626385
       -0.0013593837  -0.0006322223  -0.0015643359  -0.0132910505   0.0004431970
        0.0038876311   0.0244544903   0.0049273524   0.0584946584   0.0526239800
        0.0155187390  -0.0000181001   0.0003608846  -0.0001889056   0.0001463358
        0.0001849445  -0.0000112130   0.0002408975   0.0000069444  -0.0000130905
       -0.0002276386   0.0002937420   0.0000414945  -0.0008407329  -0.0000468024
        0.0004567312
        0.0009560579  -0.0011292973   0.0005374713  -0.0006813444   0.0000080576
        0.0007535477  -0.0088588194  -0.0003386430  -0.0104440802  -0.0407185363
       -0.2559950680  -0.0406257236  -0.0014096912  -0.0004420219   0.0007711137
        0.0006646116  -0.0003321150  -0.0001101606   0.0002111945   0.0001107236
        0.0007016916   0.0016393727  -0.0009586072  -0.0016015916   0.0000330377
        0.0016333688   0.0008046380  -0.0038536450  -0.0195072172   0.0005087367
       -0.0000965081  -0.0167057749  -0.0036585298   0.0526239800   0.2940514266
        0.0520402047   0.0000549093   0.0001503939  -0.0000426629   0.0000183694
        0.0000156410   0.0000733380   0.0001414312  -0.0002407895   0.0001355683
       -0.0003752370  -0.0002430540  -0.0001579773  -0.0003491833  -0.0000770234
        0.0003144161
        0.0009838015  -0.0005134978  -0.0023985556  -0.0013643861   0.0006249199
        0.0024572762  -0.0121916596  -0.0230659307  -0.0134809832  -0.0058578038
       -0.0398500821  -0.0477310979  -0.0037897969  -0.0017282206   0.0002564314
       -0.0006072498   0.0004135856  -0.0017763580   0.0005059156  -0.0000931121
       -0.0005186319   0.0011057451  -0.0016869455  -0.0000250387   0.0002008680
        0.0004771254   0.0003154552   0.0055474183   0.0250258642   0.0030981044
       -0.0003167264  -0.0120416652  -0.0015182592   0.0155187390   0.0520402047
        0.0617424140  -0.0000250154   0.0004021902  -0.0002946917   0.0000971348
        0.0001218583  -0.0000140685   0.0000387537  -0.0000362965  -0.0001462052
       -0.0001662499  -0.0002625071  -0.0000420979   0.0003205119   0.0001725092
        0.0000763067
        0.0000573278  -0.0000622154  -0.0000500601  -0.0000917513   0.0000222091
        0.0001162954  -0.0044577606   0.0017240294  -0.0058489596   0.0003491008
       -0.0002078547  -0.0017362122   0.0016922421  -0.0125452186  -0.0207623328
       -0.0401817479   0.0046699097  -0.0002059044   0.0017073379   0.0061573228
        0.0173339897  -0.0025022140   0.0048274220   0.0020553776   0.0005475884
        0.0001414743   0.0008181822  -0.0002420282  -0.0000170146  -0.0003772759
        0.0001715007  -0.0000789607   0.0000443858  -0.0000181001   0.0000549093
       -0.0000250154   0.0427518961  -0.0046023641   0.0080788092   0.0001364638
       -0.0002386532   0.0003081105   0.0001210987   0.0000348913  -0.0000448225
        0.0000557669   0.0000486702   0.0000298179  -0.0000967212   0.0000714431
        0.0002656147
       -0.0000083267  -0.0000565087   0.0000602172   0.0000848603   0.0002037950
        0.0001163071   0.0027210556   0.0041080195  -0.0014266771   0.0005732229
        0.0013886468  -0.0002938280  -0.0028411622  -0.0038035333   0.0031744257
        0.0034211870  -0.0779615071  -0.1078781903  -0.0019386538  -0.0059531044
       -0.0110184211   0.0032027252   0.0034917632  -0.0038404673  -0.0002220665
        0.0000885987  -0.0008645918  -0.0002330651  -0.0000113745  -0.0004206535
       -0.0000478693  -0.0000520586   0.0000374457   0.0003608846   0.0001503939
        0.0004021902  -0.0046023641   0.0789735423   0.1218474972  -0.0004081029
       -0.0004789446   0.0002743850  -0.0000435043   0.0000911419   0.0000135167
       -0.0000265210   0.0001297195   0.0000046487   0.0000077001  -0.0003085895
       -0.0001878044
        0.0000515681  -0.0001331364  -0.0002371560  -0.0000338020   0.0000824342
        0.0002804214  -0.0041282737  -0.0018889820  -0.0023609911  -0.0000027696
       -0.0010655368  -0.0006357951   0.0012713047  -0.0060236297  -0.0186902071
       -0.0032035748  -0.1068148526  -0.2732709008  -0.0008697187  -0.0035096863
       -0.0106259387  -0.0006022045  -0.0027107059   0.0002772057  -0.0003723079
       -0.0002238683  -0.0005022928   0.0000607751  -0.0000656834   0.0000913935
        0.0001254620  -0.0000005303   0.0000069667  -0.0001889056  -0.0000426629
       -0.0002946917   0.0080788092   0.1218474972   0.3057931142  -0.0001077096
        0.0004526311   0.0001445123  -0.0000795380   0.0000115194   0.0000645887
       -0.0000432467   0.0000393201   0.0000046885   0.0000441318   0.0000458727
       -0.0000449176
        0.0000711466  -0.0000159223   0.0002451336  -0.0001300740  -0.0002126540
       -0.0002044087  -0.0017990360   0.0026423039   0.0000457759  -0.0001905284
        0.0006264765   0.0000188278  -0.0049605593   0.0039538411  -0.0026624449
       -0.0137781139   0.0010855814  -0.0073418483  -0.2747954014   0.0649495558
       -0.0894053893  -0.0078240806   0.0014793258  -0.0005915544   0.0002045504
        0.0002287094   0.0004776008  -0.0000403372  -0.0000088906  -0.0000147113
        0.0000068013  -0.0000394793  -0.0001192488   0.0001463358   0.0000183694
        0.0000971348   0.0001364638  -0.0004081029  -0.0001077096   0.3026684536
       -0.0742232946   0.0996103762   0.0002582902  -0.0000555716  -0.0001958424
       -0.0000286056  -0.0000006507  -0.0000501056   0.0000546946  -0.0000195973
        0.0001984142
        0.0001106281   0.0001155490  -0.0000019646   0.0000091171   0.0000678534
        0.0000896432   0.0007040920   0.0024613777  -0.0039962663  -0.0000180968
        0.0010368583  -0.0004405900   0.0067647571   0.0033995631  -0.0020163642
        0.0094104754  -0.0039973892   0.0068839146   0.0654691662  -0.0456655501
        0.0177305618  -0.0075567536  -0.0006744015  -0.0007163827  -0.0003032723
       -0.0001103518   0.0000223351  -0.0002294338   0.0000113345  -0.0001159364
       -0.0001089146   0.0000500057  -0.0000618090   0.0001849445   0.0000156410
        0.0001218583  -0.0002386532  -0.0004789446   0.0004526311  -0.0742232946
        0.0438079158  -0.0178138831  -0.0000380562   0.0001051324  -0.0000598894
       -0.0000346359  -0.0000543737  -0.0000336806   0.0000979306  -0.0000902200
       -0.0000441778
        0.0000613596  -0.0001043981  -0.0002354116  -0.0001619279   0.0000224189
        0.0002558770  -0.0040111490  -0.0022155479  -0.0045478462  -0.0014265948
        0.0002127967   0.0004198298   0.0041754538  -0.0046810648   0.0004556548
        0.0109216595  -0.0008233500   0.0054617237  -0.0882546294   0.0173525003
       -0.0709461451  -0.0209454162   0.0074067892  -0.0058358237  -0.0004711428
        0.0003385129   0.0003492653   0.0001389025  -0.0000560806   0.0001337582
       -0.0002998648  -0.0000285341  -0.0002915987  -0.0000112130   0.0000733380
       -0.0000140685   0.0003081105   0.0002743850   0.0001445123   0.0996103762
       -0.0178138831   0.0748683464   0.0001864121  -0.0000202900  -0.0003310356
       -0.0000479210   0.0000482486  -0.0000416429   0.0002275847   0.0000141589
        0.0001546049
        0.0004750333  -0.0003270991  -0.0011388132   0.0007022587   0.0004151217
        0.0011942330  -0.0006836822   0.0014656162   0.0019118623  -0.0000333121
        0.0001245698   0.0001522366  -0.0007989804   0.0001511670  -0.0000121413
        0.0003895097  -0.0000818824  -0.0003216039   0.0007128815  -0.0005750978
       -0.0002883080  -0.0148594046   0.0038019566   0.0011662280  -0.2920452336
        0.0175308364  -0.0046764157   0.0000138356  -0.0001697761   0.0001644618
        0.0001110451  -0.0000396776   0.0000343290   0.0002408975   0.0001414312
        0.0000387537   0.0001210987  -0.0000435043  -0.0000795380   0.0002582902
       -0.0000380562   0.0001864121   0.3261331312  -0.0146763369   0.0025415547
       -0.0067691828  -0.0094278863   0.0016983493  -0.0139681859   0.0017486178
       -0.0025716003
       -0.0007652787  -0.0006412439   0.0006675850   0.0072802813   0.0067267131
       -0.0003687746   0.0011678887   0.0019802340  -0.0039161807   0.0002742631
        0.0001069907   0.0001053583   0.0004851252  -0.0016993879  -0.0002650993
        0.0004716532   0.0003671220  -0.0000394926   0.0001987857  -0.0005195309
        0.0023927426   0.0183711196  -0.0043021016  -0.0050164498   0.0002950080
       -0.0187179664  -0.0005038452   0.0000088534   0.0000109592  -0.0001025213
       -0.0000259578  -0.0000813807   0.0000449430   0.0000069444  -0.0002407895
       -0.0000362965   0.0000348913   0.0000911419   0.0000115194  -0.0000555716
        0.0001051324  -0.0000202900  -0.0146763369   0.0357010109   0.0036869875
       -0.0190010630  -0.0201763111   0.0032893275   0.0059293942   0.0012894078
        0.0000704867
        0.0006377560   0.0003737524  -0.0006986268  -0.0018068626  -0.0019423634
       -0.0000337431   0.0010590900  -0.0018942093  -0.0028983535  -0.0001600159
        0.0000145038  -0.0000065140   0.0011570522  -0.0011225542  -0.0008360723
       -0.0001506683   0.0001254309   0.0002721127   0.0008416027   0.0001704663
        0.0007766750   0.0215308785  -0.0024069220   0.0011605204  -0.0024596597
       -0.0042586753  -0.0420647240  -0.0000664772  -0.0001828249   0.0000142594
       -0.0000133564   0.0000477530   0.0000965015  -0.0000130905   0.0001355683
       -0.0001462052  -0.0000448225   0.0000135167   0.0000645887  -0.0001958424
       -0.0000598894  -0.0003310356   0.0025415547   0.0036869875   0.0444013159
        0.0038157636   0.0051937149   0.0019155407  -0.0266729022   0.0021057446
       -0.0016862398
       -0.0048691411   0.0034238328   0.0143287879  -0.0625584326  -0.0239736098
       -0.0203055244  -0.0039913459   0.0021251882   0.0008924119   0.0002424331
        0.0003364228   0.0002951372  -0.0008264605  -0.0010787735  -0.0021238721
        0.0024076640  -0.0008054843   0.0003148331   0.0007630234   0.0008786602
        0.0040641510   0.0050993162  -0.0019413106  -0.0103317911  -0.0183733024
        0.0338052002   0.0008165657   0.0001564475  -0.0000879080  -0.0000079230
        0.0000162794  -0.0001609394  -0.0000162263  -0.0002276386  -0.0003752370
       -0.0001662499   0.0000557669  -0.0000265210  -0.0000432467  -0.0000286056
       -0.0000346359  -0.0000479210  -0.0067691828  -0.0190010630   0.0038157636
        0.0892246063   0.0026833845   0.0097796673  -0.0003214274   0.0042327938
       -0.0012645634
        0.0061048366  -0.0029389153  -0.0101338842   0.0171676399   0.0271953497
        0.0073236481  -0.0053883772   0.0005313890  -0.0002316246   0.0006186596
        0.0006803811   0.0011434467  -0.0023423646   0.0001820087  -0.0017300492
        0.0041109170  -0.0014802680  -0.0000458740   0.0008688875   0.0014638928
        0.0068505572   0.0102725563  -0.0186982253  -0.0229092740  -0.0252053597
        0.0608853878  -0.0023275404   0.0002051721  -0.0003716650  -0.0000298155
       -0.0001650632   0.0001254969   0.0000723241   0.0002937420  -0.0002430540
       -0.0002625071   0.0000486702   0.0001297195   0.0000393201  -0.0000006507
       -0.0000543737   0.0000482486  -0.0094278863  -0.0201763111   0.0051937149
        0.0026833845  -0.0469367716   0.0159449613   0.0001552356  -0.0002940413
        0.0010543481
        0.0215462820   0.0011277480  -0.0007350670  -0.0363042164  -0.0113829394
       -0.0189732721  -0.0010438411  -0.0000639822   0.0003124201  -0.0002356715
       -0.0000861788  -0.0000123922   0.0004715700  -0.0003300038  -0.0013753171
        0.0005109005   0.0000564884  -0.0000102715   0.0004076225  -0.0003586250
        0.0002575613  -0.0002614219  -0.0084811907   0.0014899876   0.0031698292
       -0.0073191122  -0.0167088751   0.0000523542  -0.0000067358   0.0000303306
        0.0000105031   0.0000389240   0.0000020248   0.0000414945  -0.0001579773
       -0.0000420979   0.0000298179   0.0000046487   0.0000046885  -0.0000501056
       -0.0000336806  -0.0000416429   0.0016983493   0.0032893275   0.0019155407
        0.0097796673   0.0159449613   0.0359537967   0.0001768661   0.0077583278
       -0.0020674144
       -0.0007338916  -0.0001168240   0.0015698843  -0.0012468577  -0.0044334010
        0.0012378094  -0.0000488907  -0.0005596297  -0.0000818425  -0.0000913016
       -0.0002538320   0.0004834480   0.0001550724   0.0004350655   0.0005093627
        0.0001527405   0.0003314790   0.0003294103  -0.0002706157   0.0015068712
        0.0013957338   0.0058157024  -0.0042858646   0.0064977757  -0.0778311999
        0.0245954565  -0.0903837779  -0.0003298199   0.0009141637  -0.0002896297
        0.0001429580   0.0000027874  -0.0000837739  -0.0008407329  -0.0003491833
        0.0003205119  -0.0000967212   0.0000077001   0.0000441318   0.0000546946
        0.0000979306   0.0002275847  -0.0139681859   0.0059293942  -0.0266729022
       -0.0003214274   0.0001552356   0.0001768661   0.0894584767  -0.0239773491
        0.1047194077
       -0.0006688011  -0.0007902357   0.0017728829  -0.0053623578  -0.0074749675
        0.0024402472  -0.0027549811   0.0002520762   0.0013890330   0.0001210352
        0.0004368486  -0.0005020757  -0.0004647259  -0.0002330333  -0.0017421086
        0.0010449617  -0.0013728261  -0.0001621542   0.0026798777   0.0017472076
       -0.0006076644  -0.0037631807  -0.0004574937  -0.0204064795   0.0268529986
       -0.0319711074   0.0471619511   0.0004374460  -0.0004032368   0.0003028978
       -0.0001313785  -0.0001178578   0.0000566775  -0.0000468024  -0.0000770234
        0.0001725092   0.0000714431  -0.0003085895   0.0000458727  -0.0000195973
       -0.0000902200   0.0000141589   0.0017486178   0.0012894078   0.0021057446
        0.0042327938  -0.0002940413   0.0077583278  -0.0239773491   0.0398650924
       -0.0397998203
        0.0000314821   0.0001699080   0.0002915062   0.0020843868   0.0027766180
       -0.0007660780  -0.0005334588   0.0003683738   0.0006793347  -0.0000453738
        0.0000868633   0.0002420619  -0.0004685395   0.0001186552   0.0002942043
       -0.0007886161  -0.0006880816  -0.0011111533   0.0025447629  -0.0016465521
       -0.0026142390  -0.0091411054   0.0013241481  -0.0233424728  -0.0956729639
        0.0363005415  -0.2585461935   0.0002752321  -0.0003558914   0.0004416226
       -0.0000898104   0.0001379688   0.0001616117   0.0004567312   0.0003144161
        0.0000763067   0.0002656147  -0.0001878044  -0.0000449176   0.0001984142
       -0.0000441778   0.0001546049  -0.0025716003   0.0000704867  -0.0016862398
       -0.0012645634   0.0010543481  -0.0020674144   0.1047194077  -0.0397998203
        0.2878374554
