           1           2   1.8403627765966708     
           3           4   1.0061117298128499     
           3           5   1.2504651198649461     
           5           6   1.4484303197935169     
           6           7   1.4308629714255794     
           3           8   1.2107113713985891     
           5           8  0.11756254411795979     
           7           8   1.3612921733158561     
           1           9  0.14704419809782493     
           2           9  0.35467699568073746     
           8           9   1.1823529014166121     
           4          10  0.97084705686690331     
           4          11  0.97664646139390443     
           4          12  0.96154568742592683     
           6          13  0.96949961848689237     
           7          14  0.97448564293032225     
           9          15  0.95186422879501897     
           2          16  0.58588137282948660     
           9          16  0.33259168508180270     
           9          17  0.97201707657657732     
