$hessian                                                                        
        0.4890023555  -0.0187183038   0.0004639575  -0.2200693732  -0.0502581796
        0.0000782684  -0.0105287838  -0.0041217068  -0.0000123689  -0.0014719006
        0.0005536872  -0.0000346466  -0.0062632249   0.0001478744  -0.0000006434
       -0.0285120285  -0.0039030672  -0.0000751149  -0.1267735118   0.1177397265
       -0.0027666840  -0.0482953772  -0.0206003832   0.0359697745  -0.0477929246
       -0.0208814450  -0.0336720444   0.0005302088   0.0006062742   0.0000123687
       -0.0003100982   0.0001584528   0.0000045472   0.0005924611  -0.0007145819
        0.0000268134  -0.0000219689   0.0000431794  -0.0000048890  -0.0000137424
        0.0001066904   0.0000026231   0.0000184711   0.0000353637  -0.0000019901
       -0.0001385487  -0.0001356510   0.0000052963   0.0000479864  -0.0000579302
        0.0000047324
       -0.0187183038   0.5129522484  -0.0003493417  -0.0495759022  -0.0796295808
        0.0000162892  -0.0227572256  -0.0055140662  -0.0000009847  -0.0030460076
       -0.0043115081   0.0000310760   0.0026296430  -0.0035951804   0.0000156399
        0.0217560835   0.0079115070  -0.0000015648   0.1172175799  -0.2052505922
        0.0036908279  -0.0227374996  -0.1078626357   0.1026632560  -0.0231115308
       -0.1160036584  -0.1060651770  -0.0003896940   0.0002822069   0.0000007650
       -0.0012260494   0.0003716131  -0.0000064474  -0.0000189214   0.0006053959
        0.0000053629  -0.0002784871  -0.0002348778  -0.0000212660   0.0004238420
        0.0009301640  -0.0000032935  -0.0002275796  -0.0005860090  -0.0000006015
        0.0000403737  -0.0000158328   0.0000238933   0.0000196789  -0.0000491940
        0.0000015664
        0.0004639575  -0.0003493417   0.4888650203  -0.0000320996  -0.0000232344
       -0.0550612788  -0.0000251984  -0.0000154704  -0.0009706786  -0.0000200567
       -0.0000178178   0.0066152057   0.0000346169   0.0000753124   0.0048322543
       -0.0002344654  -0.0000637233  -0.0028732831  -0.0027231027   0.0036796630
       -0.0440706000   0.0390640349   0.1034088566  -0.2022481148  -0.0365462267
       -0.1066738995  -0.1943423201   0.0000047248   0.0000031580  -0.0003262880
       -0.0000045184  -0.0000009649   0.0002947681   0.0000169832   0.0000052527
       -0.0008410027   0.0000121806   0.0000216284  -0.0003155941  -0.0000210000
       -0.0000241169   0.0000900767   0.0000104674   0.0000202080  -0.0000229162
        0.0000043701  -0.0000499864   0.0003163907  -0.0000046674   0.0000044761
        0.0000583608
       -0.2200693732  -0.0495759022  -0.0000320996   0.7434195491   0.0846938755
        0.0011806590  -0.1351337550  -0.1313791163  -0.0000581325  -0.0404760549
       -0.0176573605  -0.0000994993  -0.0829224009   0.0001813827  -0.0003776845
       -0.2208601811   0.1187492835  -0.0008928664  -0.0232390132  -0.0010421837
       -0.0000371477  -0.0137014669  -0.0090436475   0.0052485523  -0.0131662338
       -0.0090503589  -0.0049019540   0.0062974750   0.0131037031   0.0000036492
       -0.0051877001   0.0031992483  -0.0000492500   0.0050927481  -0.0019365266
        0.0000236164  -0.0001010766  -0.0007188273  -0.0000021024   0.0002400247
        0.0010708319  -0.0000091693  -0.0002544993  -0.0007620096   0.0000076157
        0.0002471485  -0.0002040769  -0.0000047828  -0.0001851907   0.0003716845
        0.0000005960
       -0.0502581796  -0.0796295808  -0.0000232344   0.0846938755   0.6326943505
       -0.0010223167  -0.0779111475  -0.3207465637   0.0003061259  -0.0851279577
        0.0338724206  -0.0003924713   0.0166954677  -0.0381803599   0.0001562770
        0.1214667039  -0.1791708209   0.0007285952   0.0236937656   0.0057252624
        0.0000216524  -0.0196799011  -0.0074991125   0.0029471915  -0.0205101413
       -0.0080327602  -0.0028285705  -0.0117077308  -0.0190416268  -0.0000364442
       -0.0005636913  -0.0007972074   0.0000169314   0.0192657205  -0.0192399094
        0.0001274191   0.0004945075   0.0007937077   0.0000299033  -0.0007251379
       -0.0016415908  -0.0000036490   0.0004551660   0.0011749195  -0.0000068558
       -0.0004846581  -0.0002189480  -0.0000133300   0.0002033387  -0.0000621801
       -0.0000072239
        0.0000782684   0.0000162892  -0.0550612788   0.0011806590  -0.0010223167
        0.1385797979  -0.0000795931   0.0001560769  -0.0486637237  -0.0000303078
       -0.0000524147   0.0030947460  -0.0004832496   0.0000040430   0.0123857475
       -0.0008309093   0.0007452037  -0.0461086350  -0.0005310342  -0.0001322373
        0.0002978644   0.0242721994   0.0079434829   0.0006474287  -0.0236562394
       -0.0077696075   0.0006985993   0.0000714760   0.0000846435  -0.0048273827
       -0.0000314185   0.0000270117   0.0057318894   0.0000443490  -0.0000031936
       -0.0068128852  -0.0000102116  -0.0000363077  -0.0001413112   0.0000273148
        0.0000792245   0.0000719389  -0.0000152236  -0.0000436703  -0.0000076096
       -0.0000070852   0.0000056277   0.0000352227   0.0000010058  -0.0000018555
        0.0000795914
       -0.0105287838  -0.0227572256  -0.0000251984  -0.1351337550  -0.0779111475
       -0.0000795931   0.5823000438  -0.0949596857   0.0018583534  -0.2941578152
        0.0021544425  -0.0009650328  -0.0300385583   0.0965772655  -0.0003523006
        0.0108970989  -0.0215866217   0.0001358638   0.0015462953  -0.0006704886
        0.0000197965  -0.0019067328  -0.0011234470  -0.0005633339  -0.0020688449
       -0.0011503184   0.0005442673  -0.1012012705   0.1152890225  -0.0004514566
       -0.0157046383   0.0038026248  -0.0000528885  -0.0040225583   0.0022948895
       -0.0000696102  -0.0000286317  -0.0000158959  -0.0000029833   0.0001006462
        0.0001418139  -0.0000041400  -0.0000212522  -0.0001371582   0.0000021090
        0.0000133596   0.0000887969   0.0000042834  -0.0000446028  -0.0000368671
        0.0000018640
       -0.0041217068  -0.0055140662  -0.0000154704  -0.1313791163  -0.3207465637
        0.0001560769  -0.0949596857   0.7923839633  -0.0016562613   0.0604969721
       -0.0926972968   0.0002943891   0.0240430037  -0.0308392292   0.0001859249
        0.0372954766  -0.0823811137   0.0003181552   0.0014003256   0.0011411040
       -0.0000071670   0.0007996322   0.0005464143  -0.0007219078   0.0007309113
        0.0005715077   0.0006834839   0.1177036794  -0.2647625233   0.0008002363
       -0.0174850418   0.0038953311  -0.0000806993   0.0055220567  -0.0015496585
        0.0000367535  -0.0001456938  -0.0005538636  -0.0000041855   0.0002752420
        0.0010053979  -0.0000054605  -0.0002109571  -0.0006422738   0.0000082634
        0.0001038773  -0.0000584959   0.0000039177  -0.0000689753   0.0002013664
        0.0000039511
       -0.0000123689  -0.0000009847  -0.0009706786  -0.0000581325   0.0003061259
       -0.0486637237   0.0018583534  -0.0016562613   0.1038799840  -0.0010162146
        0.0000606845  -0.0521046377  -0.0001824830   0.0004857995   0.0174211536
       -0.0000635031   0.0000777348   0.0052041363   0.0000128331  -0.0000155009
       -0.0002197797   0.0014249160   0.0005086616  -0.0004664136  -0.0014341529
       -0.0005733042  -0.0004544142  -0.0004651735   0.0007927853  -0.0260654871
       -0.0000186736   0.0000021770  -0.0017159800  -0.0000453500   0.0000114303
        0.0041194810   0.0000139464   0.0000391205   0.0000168409  -0.0000307572
       -0.0000918734   0.0000119854   0.0000172815   0.0000512501   0.0000080379
       -0.0000010257   0.0000025654  -0.0000164197   0.0000005046  -0.0000004102
        0.0000159151
       -0.0014719006  -0.0030460076  -0.0000200567  -0.0404760549  -0.0851279577
       -0.0000303078  -0.2941578152   0.0604969721  -0.0010162146   0.6912236899
        0.1119539583   0.0019746429  -0.1076811259   0.0752299074  -0.0003538562
       -0.0245887578  -0.0210855689  -0.0001394333   0.0003013383  -0.0000061292
       -0.0000049169  -0.0013119401  -0.0003010993  -0.0001210871  -0.0013147275
       -0.0003022924   0.0001501894  -0.0064545189   0.0004966724  -0.0000147368
       -0.2063835223  -0.1343605630  -0.0004189789  -0.0076509836  -0.0039082143
       -0.0000069936   0.0000008888   0.0001385728  -0.0000028451  -0.0000958451
       -0.0004469367   0.0000092583   0.0000632203   0.0002870759  -0.0000022065
       -0.0000163141   0.0000282207  -0.0000007535   0.0000143688  -0.0000466105
       -0.0000017038
        0.0005536872  -0.0043115081  -0.0000178178  -0.0176573605   0.0338724206
       -0.0000524147   0.0021544425  -0.0926972968   0.0000606845   0.1119539583
        0.7206312200  -0.0008697375   0.0634317858  -0.3959547798   0.0009675139
       -0.0381771580  -0.1015144900   0.0001246454   0.0004417316   0.0000559043
        0.0000042490   0.0002300146  -0.0000823637  -0.0003705269   0.0001629750
       -0.0000957283   0.0003591192   0.0220096305  -0.0027665349   0.0000837078
       -0.1381702367  -0.1555820290  -0.0002600635  -0.0068951742  -0.0014718362
       -0.0000230152  -0.0001462734  -0.0003712159  -0.0000158651   0.0001961111
        0.0005246062  -0.0000031064  -0.0001336867  -0.0004323842   0.0000012229
        0.0002213007   0.0000834410   0.0000066861  -0.0001757478   0.0001125746
        0.0000047183
       -0.0000346466   0.0000310760   0.0066152057  -0.0000994993  -0.0003924713
        0.0030947460  -0.0009650328   0.0002943891  -0.0521046377   0.0019746429
       -0.0008697375   0.1224403777  -0.0003068871   0.0010141892  -0.0620240073
       -0.0000599463   0.0001834104   0.0099724986   0.0000030748  -0.0000038684
       -0.0000639321  -0.0013242482  -0.0007859459   0.0001443915   0.0012972367
        0.0007860811   0.0001492117  -0.0000484264   0.0000000505  -0.0038476574
       -0.0004066170  -0.0002503974  -0.0285669387  -0.0000301766  -0.0000063016
        0.0041775202   0.0000149320   0.0000429001  -0.0000784177  -0.0000332973
       -0.0000964729   0.0000338520   0.0000185438   0.0000543284  -0.0000241672
       -0.0000016681  -0.0000013139   0.0000442736   0.0000020154   0.0000000839
        0.0000376812
       -0.0062632249   0.0026296430   0.0000346169  -0.0829224009   0.0166954677
       -0.0004832496  -0.0300385583   0.0240430037  -0.0001824830  -0.1076811259
        0.0634317858  -0.0003068871   0.5200508256  -0.0336578522   0.0016401460
       -0.2872118046  -0.0405655620  -0.0007949934  -0.0017292942  -0.0012418068
        0.0000093937  -0.0015297146  -0.0000872009   0.0005853116  -0.0014366398
       -0.0000773793  -0.0006111044  -0.0068426170  -0.0009718266  -0.0000584279
        0.0033633647  -0.0257174413   0.0000919275   0.0022650716  -0.0046586406
        0.0000677334   0.0000316607   0.0005683451   0.0000009961  -0.0001911756
       -0.0007767279   0.0000064872   0.0002178711   0.0006038532  -0.0000052594
       -0.0001721317   0.0000833853   0.0000073594   0.0000898936  -0.0003010462
       -0.0000015670
        0.0001478744  -0.0035951804   0.0000753124   0.0001813827  -0.0381803599
        0.0000040430   0.0965772655  -0.0308392292   0.0004857995   0.0752299074
       -0.3959547798   0.0010141892  -0.0336578522   0.6053898546  -0.0011997784
       -0.1152891292  -0.0988463644  -0.0003900129   0.0004292698  -0.0001207704
       -0.0000044135  -0.0014970260  -0.0001927569   0.0002484630  -0.0014540304
       -0.0001796356  -0.0002390683   0.0067150124  -0.0011835932   0.0000367620
        0.0004599433  -0.0186833274   0.0000231066  -0.0278978564  -0.0176303995
       -0.0000615538   0.0000906692   0.0002070785   0.0000039536  -0.0001310852
       -0.0004671584   0.0000015118   0.0001192336   0.0002889244   0.0000003620
        0.0000288614   0.0000017119   0.0000059796  -0.0000524403  -0.0000140143
       -0.0000046557
       -0.0000006434   0.0000156399   0.0048322543  -0.0003776845   0.0001562770
        0.0123857475  -0.0003523006   0.0001859249   0.0174211536  -0.0003538562
        0.0009675139  -0.0620240073   0.0016401460  -0.0011997784   0.0909164039
       -0.0005804504  -0.0000524176  -0.0530994786   0.0000282418   0.0000041129
        0.0002699428  -0.0006788741  -0.0000686909  -0.0000282424   0.0006277158
        0.0000629803  -0.0000351753  -0.0000626393   0.0000116685   0.0067005962
        0.0000418692  -0.0000714093  -0.0071651277   0.0000670243  -0.0000122624
       -0.0101995703   0.0000136374   0.0000522570   0.0001567454  -0.0000365190
       -0.0001122583  -0.0000512665   0.0000199632   0.0000600870   0.0000298910
        0.0000015171  -0.0000001853  -0.0000323083   0.0000028526   0.0000005409
       -0.0000775582
       -0.0285120285   0.0217560835  -0.0002344654  -0.2208601811   0.1214667039
       -0.0008309093   0.0108970989   0.0372954766  -0.0000635031  -0.0245887578
       -0.0381771580  -0.0000599463  -0.2872118046  -0.1152891292  -0.0005804504
        0.6026260394  -0.0131227264   0.0020196877  -0.0059782480  -0.0012411879
        0.0000177486   0.0023276860   0.0013653461  -0.0009611758   0.0023518868
        0.0013696371   0.0009307177  -0.0025735407   0.0005101141  -0.0000214878
       -0.0000877202  -0.0004393525  -0.0000279670  -0.0484957636  -0.0153110723
       -0.0001808815   0.0000694304   0.0000338477   0.0000048954   0.0000344420
       -0.0000246051  -0.0000056919   0.0000023106  -0.0000548707   0.0000001433
        0.0000751215  -0.0001293649  -0.0000053109  -0.0000759710  -0.0000077421
       -0.0000014033
       -0.0039030672   0.0079115070  -0.0000637233   0.1187492835  -0.1791708209
        0.0007452037  -0.0215866217  -0.0823811137   0.0000777348  -0.0210855689
       -0.1015144900   0.0001834104  -0.0405655620  -0.0988463644  -0.0000524176
       -0.0131227264   0.8576051252  -0.0010026051  -0.0019700636   0.0001335571
       -0.0000016823  -0.0004051816   0.0000972118  -0.0001152226  -0.0004160307
        0.0001661866   0.0001557340  -0.0043395326  -0.0055801099   0.0000088852
        0.0021728709  -0.0090496828   0.0000340413  -0.0135757678  -0.3892421590
        0.0000405457   0.0000792697  -0.0000506928   0.0000048027   0.0002603699
        0.0006869934  -0.0000034410  -0.0001729298  -0.0003564628  -0.0000000849
       -0.0000443862   0.0000037705  -0.0000065345  -0.0000743554  -0.0004124555
       -0.0000046466
       -0.0000751149  -0.0000015648  -0.0028732831  -0.0008928664   0.0007285952
       -0.0461086350   0.0001358638   0.0003181552   0.0052041363  -0.0001394333
        0.0001246454   0.0099724986  -0.0007949934  -0.0003900129  -0.0530994786
        0.0020196877  -0.0010026051   0.0788793261  -0.0000690660   0.0000033304
        0.0006720515  -0.0000835796  -0.0001215129   0.0005926767   0.0001354385
        0.0001773086   0.0005976550  -0.0000244848   0.0000161473   0.0058451955
       -0.0000325296   0.0000253412   0.0069072405  -0.0001807160   0.0001246816
       -0.0064441919  -0.0000034096   0.0000224352   0.0005416935  -0.0000132082
       -0.0000516912  -0.0001842549   0.0000048097   0.0000158255   0.0000379301
        0.0000173858   0.0000021758  -0.0002389171  -0.0000037837   0.0000087454
       -0.0003016431
       -0.1267735118   0.1172175799  -0.0027231027  -0.0232390132   0.0236937656
       -0.0005310342   0.0015462953   0.0014003256   0.0000128331   0.0003013383
        0.0004417316   0.0000030748  -0.0017292942   0.0004292698   0.0000282418
       -0.0059782480  -0.0019700636  -0.0000690660   0.1491277758  -0.1354332537
        0.0031391687   0.0033696712  -0.0026061485  -0.0004642809   0.0032136150
       -0.0023815385   0.0006065344   0.0000153300  -0.0005350309  -0.0000007294
        0.0001913032  -0.0000076216   0.0000015531  -0.0000639282  -0.0002687529
       -0.0000031809  -0.0000100518  -0.0000712579   0.0000029084   0.0000745649
        0.0000784790  -0.0000017882  -0.0000122361  -0.0000405398   0.0000008568
       -0.0000553776   0.0000987734  -0.0000006930   0.0000217672  -0.0000457174
       -0.0000012959
        0.1177397265  -0.2052505922   0.0036796630  -0.0010421837   0.0057252624
       -0.0001322373  -0.0006704886   0.0011411040  -0.0000155009  -0.0000061292
        0.0000559043  -0.0000038684  -0.0012418068  -0.0001207704   0.0000041129
       -0.0012411879   0.0001335571   0.0000033304  -0.1354332537   0.2344016449
       -0.0043244719   0.0108936573  -0.0177321201   0.0030778023   0.0114980065
       -0.0187436908  -0.0022967912  -0.0001178559   0.0000846837   0.0000040860
       -0.0000410007   0.0000666437   0.0000000180  -0.0003833255   0.0001845437
        0.0000028028  -0.0001231349  -0.0001776669  -0.0000064378   0.0002028967
        0.0003406305   0.0000005484  -0.0001116708  -0.0002512686   0.0000012948
        0.0001339210   0.0001428998   0.0000032344  -0.0000561700  -0.0000007652
        0.0000024146
       -0.0027666840   0.0036908279  -0.0440706000  -0.0000371477   0.0000216524
        0.0002978644   0.0000197965  -0.0000071670  -0.0002197797  -0.0000049169
        0.0000042490  -0.0000639321   0.0000093937  -0.0000044135   0.0002699428
        0.0000177486  -0.0000016823   0.0006720515   0.0031391687  -0.0043244719
        0.0465120829  -0.0153147077   0.0241069966  -0.0023085402   0.0149363527
       -0.0234728752  -0.0011185546  -0.0000035933  -0.0000112304   0.0000599059
        0.0000020559  -0.0000012460   0.0000089798   0.0000024758  -0.0000076969
        0.0000011378  -0.0000166870  -0.0000502618   0.0001385036   0.0000374116
        0.0000946230  -0.0000104215  -0.0000195073  -0.0000558555   0.0000077282
       -0.0000000003   0.0000202664  -0.0001562038  -0.0000011592  -0.0000017147
       -0.0000201649
       -0.0482953772  -0.0227374996   0.0390640349  -0.0137014669  -0.0196799011
        0.0242721994  -0.0019067328   0.0007996322   0.0014249160  -0.0013119401
        0.0002300146  -0.0013242482  -0.0015297146  -0.0014970260  -0.0006788741
        0.0023276860  -0.0004051816  -0.0000835796   0.0033696712   0.0108936573
       -0.0153147077   0.0592546320   0.0295501850  -0.0439475278   0.0021284682
        0.0024470640  -0.0036745224  -0.0000464344   0.0001013212  -0.0000696242
       -0.0001482300   0.0001106678  -0.0001446763  -0.0002240486   0.0001305056
        0.0004460079  -0.0001402871  -0.0002425852  -0.0001599997   0.0002225702
        0.0004825280   0.0000423476  -0.0001480156  -0.0003629313  -0.0000048159
        0.0002200467   0.0001463757   0.0001017853  -0.0000708270   0.0000331734
        0.0000512849
       -0.0206003832  -0.1078626357   0.1034088566  -0.0090436475  -0.0074991125
        0.0079434829  -0.0011234470   0.0005464143   0.0005086616  -0.0003010993
       -0.0000823637  -0.0007859459  -0.0000872009  -0.0001927569  -0.0000686909
        0.0013653461   0.0000972118  -0.0001215129  -0.0026061485  -0.0177321201
        0.0241069966   0.0295501850   0.1237152808  -0.1204412113   0.0027425318
        0.0089031786  -0.0147436750   0.0000919550   0.0001387212   0.0000869004
       -0.0000542179   0.0000318871  -0.0000399986   0.0000632979   0.0000811229
        0.0002389692   0.0001512849   0.0002262997   0.0001209542  -0.0002979021
       -0.0006841381  -0.0000231646   0.0001299727   0.0004020512   0.0000033857
        0.0000326238  -0.0001526778  -0.0001787122  -0.0000131507   0.0000636372
       -0.0000152958
        0.0359697745   0.1026632560  -0.2022481148   0.0052485523   0.0029471915
        0.0006474287  -0.0005633339  -0.0007219078  -0.0004664136  -0.0001210871
       -0.0003705269   0.0001443915   0.0005853116   0.0002484630  -0.0000282424
       -0.0009611758  -0.0001152226   0.0005926767  -0.0004642809   0.0030778023
       -0.0023085402  -0.0439475278  -0.1204412113   0.2327769992   0.0038878654
        0.0132522215  -0.0288971894  -0.0000276013  -0.0001097957   0.0000079088
       -0.0000331592  -0.0000430881   0.0000409943   0.0003899425  -0.0001223593
       -0.0001671721   0.0002737216   0.0004684659   0.0001177811  -0.0004820532
       -0.0009278786  -0.0000260193   0.0002458675   0.0006489211   0.0000068278
        0.0000174577  -0.0005097396  -0.0001541913  -0.0000182740   0.0000554088
       -0.0000391250
       -0.0477929246  -0.0231115308  -0.0365462267  -0.0131662338  -0.0205101413
       -0.0236562394  -0.0020688449   0.0007309113  -0.0014341529  -0.0013147275
        0.0001629750   0.0012972367  -0.0014366398  -0.0014540304   0.0006277158
        0.0023518868  -0.0004160307   0.0001354385   0.0032136150   0.0114980065
        0.0149363527   0.0021284682   0.0027425318   0.0038878654   0.0584443952
        0.0299329800   0.0410175666  -0.0000504567   0.0000958436   0.0000739990
       -0.0001607029   0.0001107019   0.0001376826  -0.0002360390   0.0001462774
       -0.0004441670  -0.0001478766  -0.0002106451   0.0001528817   0.0002026992
        0.0004103201  -0.0000455409  -0.0001430710  -0.0003325798   0.0000105071
        0.0002537615   0.0001668570  -0.0000977156  -0.0000773091   0.0000375537
       -0.0000532035
       -0.0208814450  -0.1160036584  -0.1066738995  -0.0090503589  -0.0080327602
       -0.0077696075  -0.0011503184   0.0005715077  -0.0005733042  -0.0003022924
       -0.0000957283   0.0007860811  -0.0000773793  -0.0001796356   0.0000629803
        0.0013696371   0.0001661866   0.0001773086  -0.0023815385  -0.0187436908
       -0.0234728752   0.0024470640   0.0089031786   0.0132522215   0.0299329800
        0.1333103779   0.1244008839   0.0000945353   0.0001525975  -0.0000830231
       -0.0000619941   0.0000379130   0.0000398766   0.0000423131   0.0000954866
       -0.0002494869   0.0001668565   0.0001734290  -0.0001048978  -0.0002874558
       -0.0006256238   0.0000299958   0.0001225182   0.0003745242  -0.0000048014
        0.0000330819  -0.0001780125   0.0001704503  -0.0000162037   0.0000739085
        0.0000120975
       -0.0336720444  -0.1060651770  -0.1943423201  -0.0049019540  -0.0028285705
        0.0006985993   0.0005442673   0.0006834839  -0.0004544142   0.0001501894
        0.0003591192   0.0001492117  -0.0006111044  -0.0002390683  -0.0000351753
        0.0009307177   0.0001557340   0.0005976550   0.0006065344  -0.0022967912
       -0.0011185546  -0.0036745224  -0.0147436750  -0.0288971894   0.0410175666
        0.1244008839   0.2235683953   0.0000226919   0.0001116448   0.0000143588
        0.0000314321   0.0000446114   0.0000439299  -0.0004030996   0.0001236185
       -0.0001532336  -0.0003110014  -0.0005539000   0.0000548379   0.0005583774
        0.0011357169  -0.0000286221  -0.0002902927  -0.0007721870   0.0000125100
       -0.0000141642   0.0005422773  -0.0000862928   0.0000164063  -0.0000577209
       -0.0000236957
        0.0005302088  -0.0003896940   0.0000047248   0.0062974750  -0.0117077308
        0.0000714760  -0.1012012705   0.1177036794  -0.0004651735  -0.0064545189
        0.0220096305  -0.0000484264  -0.0068426170   0.0067150124  -0.0000626393
       -0.0025735407  -0.0043395326  -0.0000244848   0.0000153300  -0.0001178559
       -0.0000035933  -0.0000464344   0.0000919550  -0.0000276013  -0.0000504567
        0.0000945353   0.0000226919   0.1094547888  -0.1295909469   0.0005292809
        0.0003785973   0.0002373108   0.0000038246   0.0005311201  -0.0007011065
        0.0000000034   0.0000083455   0.0000690617  -0.0000017798  -0.0000580728
       -0.0001990902   0.0000026557   0.0000198210   0.0001174339  -0.0000014575
        0.0000054687   0.0000102951   0.0000003209  -0.0000142442  -0.0000029570
        0.0000001778
        0.0006062742   0.0002822069   0.0000031580   0.0131037031  -0.0190416268
        0.0000846435   0.1152890225  -0.2647625233   0.0007927853   0.0004966724
       -0.0027665349   0.0000000505  -0.0009718266  -0.0011835932   0.0000116685
        0.0005101141  -0.0055801099   0.0000161473  -0.0005350309   0.0000846837
       -0.0000112304   0.0001013212   0.0001387212  -0.0001097957   0.0000958436
        0.0001525975   0.0001116448  -0.1295909469   0.2929442848  -0.0009056330
       -0.0002400773   0.0002443797  -0.0000027953   0.0011031875  -0.0005043576
        0.0000117959  -0.0000340370  -0.0001452867  -0.0000031083   0.0000785320
        0.0002384588  -0.0000020519  -0.0000528237  -0.0001713561   0.0000008397
        0.0000663605   0.0000079737   0.0000010824  -0.0000262887   0.0000620821
        0.0000007987
        0.0000123687   0.0000007650  -0.0003262880   0.0000036492  -0.0000364442
       -0.0048273827  -0.0004514566   0.0008002363  -0.0260654871  -0.0000147368
        0.0000837078  -0.0038476574  -0.0000584279   0.0000367620   0.0067005962
       -0.0000214878   0.0000088852   0.0058451955  -0.0000007294   0.0000040860
        0.0000599059  -0.0000696242   0.0000869004   0.0000079088   0.0000739990
       -0.0000830231   0.0000143588   0.0005292809  -0.0009056330   0.0215805079
        0.0000039501  -0.0000010808  -0.0006535475  -0.0000068844   0.0000042306
        0.0015587767  -0.0000113607  -0.0000347136  -0.0000060222   0.0000258627
        0.0000769069   0.0000067981  -0.0000142044  -0.0000418318  -0.0000249066
        0.0000005496  -0.0000000104  -0.0000226690  -0.0000007479   0.0000002568
       -0.0000000874
       -0.0003100982  -0.0012260494  -0.0000045184  -0.0051877001  -0.0005636913
       -0.0000314185  -0.0157046383  -0.0174850418  -0.0000186736  -0.2063835223
       -0.1381702367  -0.0004066170   0.0033633647   0.0004599433   0.0000418692
       -0.0000877202   0.0021728709  -0.0000325296   0.0001913032  -0.0000410007
        0.0000020559  -0.0001482300  -0.0000542179  -0.0000331592  -0.0001607029
       -0.0000619941   0.0000314321   0.0003785973  -0.0002400773   0.0000039501
        0.2237564053   0.1548027176   0.0004537302   0.0003314448   0.0003912251
       -0.0000057206  -0.0000430291  -0.0000763098  -0.0000009022   0.0000754743
        0.0001954785  -0.0000018642  -0.0000577737  -0.0001151581   0.0000009908
        0.0000023391   0.0000221215   0.0000003604  -0.0000155139  -0.0000105799
        0.0000010146
        0.0001584528   0.0003716131  -0.0000009649   0.0031992483  -0.0007972074
        0.0000270117   0.0038026248   0.0038953311   0.0000021770  -0.1343605630
       -0.1555820290  -0.0002503974  -0.0257174413  -0.0186833274  -0.0000714093
       -0.0004393525  -0.0090496828   0.0000253412  -0.0000076216   0.0000666437
       -0.0000012460   0.0001106678   0.0000318871  -0.0000430881   0.0001107019
        0.0000379130   0.0000446114   0.0002373108   0.0002443797  -0.0000010808
        0.1548027176   0.1801675547   0.0002686021  -0.0018591373  -0.0007027268
        0.0000008374  -0.0000489364  -0.0001291119  -0.0000031321   0.0000494072
        0.0002050456  -0.0000011170  -0.0000560353  -0.0001556173   0.0000014098
        0.0000550312   0.0000177409   0.0000012033  -0.0000370751   0.0000615937
        0.0000012419
        0.0000045472  -0.0000064474   0.0002947681  -0.0000492500   0.0000169314
        0.0057318894  -0.0000528885  -0.0000806993  -0.0017159800  -0.0004189789
       -0.0002600635  -0.0285669387   0.0000919275   0.0000231066  -0.0071651277
       -0.0000279670   0.0000340413   0.0069072405   0.0000015531   0.0000000180
        0.0000089798  -0.0001446763  -0.0000399986   0.0000409943   0.0001376826
        0.0000398766   0.0000439299   0.0000038246  -0.0000027953  -0.0006535475
        0.0004537302   0.0002686021   0.0232520979   0.0000004394   0.0000069603
        0.0018683433   0.0000128820   0.0000445941  -0.0000002813  -0.0000338929
       -0.0001030609  -0.0000012188   0.0000193613   0.0000568640  -0.0000261196
       -0.0000000807   0.0000011484   0.0000084285   0.0000017863   0.0000009222
       -0.0000274582
        0.0005924611  -0.0000189214   0.0000169832   0.0050927481   0.0192657205
        0.0000443490  -0.0040225583   0.0055220567  -0.0000453500  -0.0076509836
       -0.0068951742  -0.0000301766   0.0022650716  -0.0278978564   0.0000670243
       -0.0484957636  -0.0135757678  -0.0001807160  -0.0000639282  -0.0003833255
        0.0000024758  -0.0002240486   0.0000632979   0.0003899425  -0.0002360390
        0.0000423131  -0.0004030996   0.0005311201   0.0011031875  -0.0000068844
        0.0003314448  -0.0018591373   0.0000004394   0.0520010831   0.0245859935
        0.0001564918   0.0005469783   0.0005422647   0.0000314492  -0.0006943968
       -0.0011553109   0.0000033982   0.0003551488   0.0008980016  -0.0000079119
       -0.0009302153  -0.0003405677  -0.0000341720   0.0006018776   0.0001032258
       -0.0000042429
       -0.0007145819   0.0006053959   0.0000052527  -0.0019365266  -0.0192399094
       -0.0000031936   0.0022948895  -0.0015496585   0.0000114303  -0.0039082143
       -0.0014718362  -0.0000063016  -0.0046586406  -0.0176303995  -0.0000122624
       -0.0153110723  -0.3892421590   0.0001246816  -0.0002687529   0.0001845437
       -0.0000076969   0.0001305056   0.0000811229  -0.0001223593   0.0001462774
        0.0000954866   0.0001236185  -0.0007011065  -0.0005043576   0.0000042306
        0.0003912251  -0.0007027268   0.0000069603   0.0245859935   0.4299323492
       -0.0001143875  -0.0004871117   0.0005806817   0.0000011201  -0.0001067075
       -0.0012943542   0.0000249906   0.0002529767   0.0008571332  -0.0000099021
       -0.0004032434   0.0001579948  -0.0000171237   0.0006940898  -0.0008593068
       -0.0000090576
        0.0000268134   0.0000053629  -0.0008410027   0.0000236164   0.0001274191
       -0.0068128852  -0.0000696102   0.0000367535   0.0041194810  -0.0000069936
       -0.0000230152   0.0041775202   0.0000677334  -0.0000615538  -0.0101995703
       -0.0001808815   0.0000405457  -0.0064441919  -0.0000031809   0.0000028028
        0.0000011378   0.0004460079   0.0002389692  -0.0001671721  -0.0004441670
       -0.0002494869  -0.0001532336   0.0000000034   0.0000117959   0.0015587767
       -0.0000057206   0.0000008374   0.0018683433   0.0001564918  -0.0001143875
        0.0126071336  -0.0000234168  -0.0001105286  -0.0010196841   0.0000826195
        0.0002522718   0.0002701958  -0.0000411151  -0.0001225678  -0.0000561241
       -0.0000374568  -0.0000093468   0.0004413587   0.0000092567  -0.0000258719
        0.0006499169
       -0.0000219689  -0.0002784871   0.0000121806  -0.0001010766   0.0004945075
       -0.0000102116  -0.0000286317  -0.0001456938   0.0000139464   0.0000008888
       -0.0001462734   0.0000149320   0.0000316607   0.0000906692   0.0000136374
        0.0000694304   0.0000792697  -0.0000034096  -0.0000100518  -0.0001231349
       -0.0000166870  -0.0001402871   0.0001512849   0.0002737216  -0.0001478766
        0.0001668565  -0.0003110014   0.0000083455  -0.0000340370  -0.0000113607
       -0.0000430291  -0.0000489364   0.0000128820   0.0005469783  -0.0004871117
       -0.0000234168   0.5917760443   0.1013754694   0.0049435982  -0.1365435368
       -0.1812244008   0.0010859168   0.0132801319  -0.0183779960   0.0003678223
       -0.1621828942   0.1398118965  -0.0035283957  -0.3064941271  -0.0413038825
       -0.0028341545
        0.0000431794  -0.0002348778   0.0000216284  -0.0007188273   0.0007937077
       -0.0000363077  -0.0000158959  -0.0005538636   0.0000391205   0.0001385728
       -0.0003712159   0.0000429001   0.0005683451   0.0002070785   0.0000522570
        0.0000338477  -0.0000506928   0.0000224352  -0.0000712579  -0.0001776669
       -0.0000502618  -0.0002425852   0.0002262997   0.0004684659  -0.0002106451
        0.0001734290  -0.0005539000   0.0000690617  -0.0001452867  -0.0000347136
       -0.0000763098  -0.0001291119   0.0000445941   0.0005422647   0.0005806817
       -0.0001105286   0.1013754694   0.8559279410  -0.0101543400  -0.1807183680
       -0.6025093884   0.0059663668  -0.0187497739  -0.0349966824   0.0003506799
        0.1409761792  -0.1813410027   0.0042231276  -0.0429432570  -0.0373993484
       -0.0002915238
       -0.0000048890  -0.0000212660  -0.0003155941  -0.0000021024   0.0000299033
       -0.0001413112  -0.0000029833  -0.0000041855   0.0000168409  -0.0000028451
       -0.0000158651  -0.0000784177   0.0000009961   0.0000039536   0.0001567454
        0.0000048954   0.0000048027   0.0005416935   0.0000029084  -0.0000064378
        0.0001385036  -0.0001599997   0.0001209542   0.0001177811   0.0001528817
       -0.0001048978   0.0000548379  -0.0000017798  -0.0000031083  -0.0000060222
       -0.0000009022  -0.0000031321  -0.0000002813   0.0000314492   0.0000011201
       -0.0010196841   0.0049435982  -0.0101543400   0.0245747382   0.0010776389
        0.0059598630  -0.0138982929   0.0003627637   0.0003219363   0.0037076552
       -0.0036431415   0.0039219340  -0.0068709653  -0.0027584884  -0.0000512345
       -0.0069782269
       -0.0000137424   0.0004238420  -0.0000210000   0.0002400247  -0.0007251379
        0.0000273148   0.0001006462   0.0002752420  -0.0000307572  -0.0000958451
        0.0001961111  -0.0000332973  -0.0001911756  -0.0001310852  -0.0000365190
        0.0000344420   0.0002603699  -0.0000132082   0.0000745649   0.0002028967
        0.0000374116   0.0002225702  -0.0002979021  -0.0004820532   0.0002026992
       -0.0002874558   0.0005583774  -0.0000580728   0.0000785320   0.0000258627
        0.0000754743   0.0000494072  -0.0000338929  -0.0006943968  -0.0001067075
        0.0000826195  -0.1365435368  -0.1807183680   0.0010776389   0.3059278930
        0.5705011547  -0.0050875501  -0.1613964829  -0.3664729117   0.0035808826
        0.0087529040   0.0121417245  -0.0002025943  -0.0166379661  -0.0353897119
        0.0005507646
        0.0001066904   0.0009301640  -0.0000241169   0.0010708319  -0.0016415908
        0.0000792245   0.0001418139   0.0010053979  -0.0000918734  -0.0004469367
        0.0005246062  -0.0000964729  -0.0007767279  -0.0004671584  -0.0001122583
       -0.0000246051   0.0006869934  -0.0000516912   0.0000784790   0.0003406305
        0.0000946230   0.0004825280  -0.0006841381  -0.0009278786   0.0004103201
       -0.0006256238   0.0011357169  -0.0001990902   0.0002384588   0.0000769069
        0.0001954785   0.0002050456  -0.0001030609  -0.0011553109  -0.0012943542
        0.0002522718  -0.1812244008  -0.6025093884   0.0059598630   0.5705011547
        1.7786394143  -0.0168230366  -0.3663169864  -1.1086167312   0.0103311213
       -0.0027017426  -0.0460465272  -0.0001734060  -0.0201414959  -0.0206851988
        0.0004740675
        0.0000026231  -0.0000032935   0.0000900767  -0.0000091693  -0.0000036490
        0.0000719389  -0.0000041400  -0.0000054605   0.0000119854   0.0000092583
       -0.0000031064   0.0000338520   0.0000064872   0.0000015118  -0.0000512665
       -0.0000056919  -0.0000034410  -0.0001842549  -0.0000017882   0.0000005484
       -0.0000104215   0.0000423476  -0.0000231646  -0.0000260193  -0.0000455409
        0.0000299958  -0.0000286221   0.0000026557  -0.0000020519   0.0000067981
       -0.0000018642  -0.0000011170  -0.0000012188   0.0000033982   0.0000249906
        0.0002701958   0.0010859168   0.0059663668  -0.0138982929  -0.0050875501
       -0.0168230366   0.0688898677   0.0036048270   0.0104058307  -0.0394817115
        0.0002247459   0.0006565994  -0.0079989582   0.0001734849  -0.0002175227
       -0.0076939490
        0.0000184711  -0.0002275796   0.0000104674  -0.0002544993   0.0004551660
       -0.0000152236  -0.0000212522  -0.0002109571   0.0000172815   0.0000632203
       -0.0001336867   0.0000185438   0.0002178711   0.0001192336   0.0000199632
        0.0000023106  -0.0001729298   0.0000048097  -0.0000122361  -0.0001116708
       -0.0000195073  -0.0001480156   0.0001299727   0.0002458675  -0.0001430710
        0.0001225182  -0.0002902927   0.0000198210  -0.0000528237  -0.0000142044
       -0.0000577737  -0.0000560353   0.0000193613   0.0003551488   0.0002529767
       -0.0000411151   0.0132801319  -0.0187497739   0.0003627637  -0.1613964829
       -0.3663169864   0.0036048270   0.1486171462   0.3827066354  -0.0037752696
       -0.0026728837   0.0009155880   0.0000125018   0.0021320935   0.0013303529
       -0.0001607742
        0.0000353637  -0.0005860090   0.0000202080  -0.0007620096   0.0011749195
       -0.0000436703  -0.0001371582  -0.0006422738   0.0000512501   0.0002870759
       -0.0004323842   0.0000543284   0.0006038532   0.0002889244   0.0000600870
       -0.0000548707  -0.0003564628   0.0000158255  -0.0000405398  -0.0002512686
       -0.0000558555  -0.0003629313   0.0004020512   0.0006489211  -0.0003325798
        0.0003745242  -0.0007721870   0.0001174339  -0.0001713561  -0.0000418318
       -0.0001151581  -0.0001556173   0.0000568640   0.0008980016   0.0008571332
       -0.0001225678  -0.0183779960  -0.0349966824   0.0003219363  -0.3664729117
       -1.1086167312   0.0104058307   0.3827066354   1.1379335467  -0.0107962106
       -0.0049673759   0.0051136176   0.0003270425   0.0069751674   0.0000640685
       -0.0001299706
       -0.0000019901  -0.0000006015  -0.0000229162   0.0000076157  -0.0000068558
       -0.0000076096   0.0000021090   0.0000082634   0.0000080379  -0.0000022065
        0.0000012229  -0.0000241672  -0.0000052594   0.0000003620   0.0000298910
        0.0000001433  -0.0000000849   0.0000379301   0.0000008568   0.0000012948
        0.0000077282  -0.0000048159   0.0000033857   0.0000068278   0.0000105071
       -0.0000048014   0.0000125100  -0.0000014575   0.0000008397  -0.0000249066
        0.0000009908   0.0000014098  -0.0000261196  -0.0000079119  -0.0000099021
       -0.0000561241   0.0003678223   0.0003506799   0.0037076552   0.0035808826
        0.0103311213  -0.0394817115  -0.0037752696  -0.0107962106   0.0234238279
       -0.0000331702   0.0000238188   0.0062434730  -0.0001388464   0.0000960581
        0.0061656737
       -0.0001385487   0.0000403737   0.0000043701   0.0002471485  -0.0004846581
       -0.0000070852   0.0000133596   0.0001038773  -0.0000010257  -0.0000163141
        0.0002213007  -0.0000016681  -0.0001721317   0.0000288614   0.0000015171
        0.0000751215  -0.0000443862   0.0000173858  -0.0000553776   0.0001339210
       -0.0000000003   0.0002200467   0.0000326238   0.0000174577   0.0002537615
        0.0000330819  -0.0000141642   0.0000054687   0.0000663605   0.0000005496
        0.0000023391   0.0000550312  -0.0000000807  -0.0009302153  -0.0004032434
       -0.0000374568  -0.1621828942   0.1409761792  -0.0036431415   0.0087529040
       -0.0027017426   0.0002247459  -0.0026728837  -0.0049673759  -0.0000331702
        0.1754665523  -0.1513883069   0.0039799213  -0.0188683364   0.0182981025
       -0.0005081547
       -0.0001356510  -0.0000158328  -0.0000499864  -0.0002040769  -0.0002189480
        0.0000056277   0.0000887969  -0.0000584959   0.0000025654   0.0000282207
        0.0000834410  -0.0000013139   0.0000833853   0.0000017119  -0.0000001853
       -0.0001293649   0.0000037705   0.0000021758   0.0000987734   0.0001428998
        0.0000202664   0.0001463757  -0.0001526778  -0.0005097396   0.0001668570
       -0.0001780125   0.0005422773   0.0000102951   0.0000079737  -0.0000000104
        0.0000221215   0.0000177409   0.0000011484  -0.0003405677   0.0001579948
       -0.0000093468   0.1398118965  -0.1813410027   0.0039219340   0.0121417245
       -0.0460465272   0.0006565994   0.0009155880   0.0051136176   0.0000238188
       -0.1513883069   0.2196705781  -0.0046032774  -0.0013160669   0.0028117686
       -0.0000025533
        0.0000052963   0.0000238933   0.0003163907  -0.0000047828  -0.0000133300
        0.0000352227   0.0000042834   0.0000039177  -0.0000164197  -0.0000007535
        0.0000066861   0.0000442736   0.0000073594   0.0000059796  -0.0000323083
       -0.0000053109  -0.0000065345  -0.0002389171  -0.0000006930   0.0000032344
       -0.0001562038   0.0001017853  -0.0001787122  -0.0001541913  -0.0000977156
        0.0001704503  -0.0000862928   0.0000003209   0.0000010824  -0.0000226690
        0.0000003604   0.0000012033   0.0000084285  -0.0000341720  -0.0000171237
        0.0004413587  -0.0035283957   0.0042231276  -0.0068709653  -0.0002025943
       -0.0001734060  -0.0079989582   0.0000125018   0.0003270425   0.0062434730
        0.0039799213  -0.0046032774   0.0044248156  -0.0002374110   0.0002257667
        0.0040629628
        0.0000479864   0.0000196789  -0.0000046674  -0.0001851907   0.0002033387
        0.0000010058  -0.0000446028  -0.0000689753   0.0000005046   0.0000143688
       -0.0001757478   0.0000020154   0.0000898936  -0.0000524403   0.0000028526
       -0.0000759710  -0.0000743554  -0.0000037837   0.0000217672  -0.0000561700
       -0.0000011592  -0.0000708270  -0.0000131507  -0.0000182740  -0.0000773091
       -0.0000162037   0.0000164063  -0.0000142442  -0.0000262887  -0.0000007479
       -0.0000155139  -0.0000370751   0.0000017863   0.0006018776   0.0006940898
        0.0000092567  -0.3064941271  -0.0429432570  -0.0027584884  -0.0166379661
       -0.0201414959   0.0001734849   0.0021320935   0.0069751674  -0.0001388464
       -0.0188683364  -0.0013160669  -0.0002374110   0.3395761010   0.0570289522
        0.0029560655
       -0.0000579302  -0.0000491940   0.0000044761   0.0003716845  -0.0000621801
       -0.0000018555  -0.0000368671   0.0002013664  -0.0000004102  -0.0000466105
        0.0001125746   0.0000000839  -0.0003010462  -0.0000140143   0.0000005409
       -0.0000077421  -0.0004124555   0.0000087454  -0.0000457174  -0.0000007652
       -0.0000017147   0.0000331734   0.0000636372   0.0000554088   0.0000375537
        0.0000739085  -0.0000577209  -0.0000029570   0.0000620821   0.0000002568
       -0.0000105799   0.0000615937   0.0000009222   0.0001032258  -0.0008593068
       -0.0000258719  -0.0413038825  -0.0373993484  -0.0000512345  -0.0353897119
       -0.0206851988  -0.0002175227   0.0013303529   0.0000640685   0.0000960581
        0.0182981025   0.0028117686   0.0002257667   0.0570289522   0.0560314634
       -0.0000359284
        0.0000047324   0.0000015664   0.0000583608   0.0000005960  -0.0000072239
        0.0000795914   0.0000018640   0.0000039511   0.0000159151  -0.0000017038
        0.0000047183   0.0000376812  -0.0000015670  -0.0000046557  -0.0000775582
       -0.0000014033  -0.0000046466  -0.0003016431  -0.0000012959   0.0000024146
       -0.0000201649   0.0000512849  -0.0000152958  -0.0000391250  -0.0000532035
        0.0000120975  -0.0000236957   0.0000001778   0.0000007987  -0.0000000874
        0.0000010146   0.0000012419  -0.0000274582  -0.0000042429  -0.0000090576
        0.0006499169  -0.0028341545  -0.0002915238  -0.0069782269   0.0005507646
        0.0004740675  -0.0076939490  -0.0001607742  -0.0001299706   0.0061656737
       -0.0005081547  -0.0000025533   0.0040629628   0.0029560655  -0.0000359284
        0.0040918063
