           1           2   1.0281916050356470     
           2           3   1.4918820210423744     
           3           4   1.3579337331819028     
           2           5  0.15817060938767943     
           4           5   1.5271969064662541     
           2           6   1.2580649960210151     
           5           6   1.2034509782284448     
           1           7  0.98356872616004587     
           1           8  0.97198071553784327     
           1           9  0.97249960284528159     
           3          10  0.97516488332092022     
           4          11  0.97030201384030257     
           6          12  0.94242423419246135     
          13          14   1.5332257519657058     
          13          15  0.47448975902063534     
          14          15   2.2559527299090045     
          13          16  0.92880291209170740     
          13          17  0.92750607322004353     
