           1           2   1.0282446883203702     
           2           3   1.3338832101846241     
           3           4   1.5204424195173905     
           4           5   1.2802283133473025     
           2           6   1.4946849753277649     
           4           6  0.16831694000601713     
           5           6   1.2042505279876652     
           1           7  0.98647863492885435     
           1           8  0.97201074480504912     
           1           9  0.97218370913204943     
           3          10  0.97474950599222809     
           4          11  0.96933132755314089     
           5          12  0.94516618945194064     
