           1           2   1.0302131657200972     
           2           3   1.4741419825285598     
           3           4   1.3708348551879750     
           2           5  0.14727764324850712     
           4           5   1.5074892768303987     
           2           6   1.2577730803721794     
           5           6   1.1989626541634746     
           6           7   1.0066186590789672     
           1           8  0.98422537443007374     
           1           9  0.97132892642355539     
           1          10  0.97074338119614367     
           3          11  0.97509798764444611     
           4          12  0.97021977437005580     
           7          13  0.97870477340861950     
           7          14  0.97355585159900770     
           7          15  0.97300918907354839     
