           1           2   1.8376574051567161     
           2           3  0.93436972237794724     
           3           4  0.99598031855648450     
           3           5   1.2208833948786735     
           3           6  0.14403313165309728     
           5           6   1.6401277322549901     
           6           7   1.1568069274984845     
           2           8  0.94389848908545981     
           7           8   1.7480643783762175     
           8           9   1.0348199486570349     
           4          10  0.97650174669882295     
           4          11  0.97658287828620027     
           4          12  0.97287995680645012     
           6          13  0.96085980449244346     
           7          14  0.95522076095723851     
           9          15  0.96539396375795339     
           9          16  0.96333773310510251     
           9          17  0.97932497876776881     
