           1           2   1.0273246635212427     
           2           3   1.4842215118252546     
           3           4   1.1974763658564893     
           4           5   1.0049726034061199     
           3           6  0.15358089655793378     
           4           6   1.2761625931710487     
           2           7   1.3382075367324617     
           6           7   1.5119157661770366     
           1           8  0.97378291425527075     
           1           9  0.97339722595448852     
           1          10  0.98434874694537056     
           5          11  0.97443015122676835     
           5          12  0.97872415364780074     
           5          13  0.97508998334246000     
           6          14  0.96932080212149474     
           7          15  0.97504049738461240     
