           1           2   1.0399218919458812     
           2           3   1.4051419486153176     
           3           4   1.4528995064912469     
           4           5   1.2735956691305306     
           5           6  0.98930589239190181     
           2           7  0.41028500008394569     
           4           7  0.14549919348461413     
           5           7   1.2016358239805021     
           2           8  0.89214636790634594     
           7           8   1.0177436832675413     
           8           9   1.8183576678351649     
           1          10  0.96189577394232373     
           1          11  0.97952363386812391     
           1          12  0.96973043092166045     
           3          13  0.94671243179563913     
           4          14  0.96541795893460713     
           6          15  0.97934433262730658     
           6          16  0.97385923943229769     
           6          17  0.97016511118618631     
