           1           2   1.8403679843069161     
           3           4   1.0061115539962533     
           3           5   1.2504625155870623     
           5           6   1.4484301954324981     
           6           7   1.4308624337431706     
           3           8   1.2107123973194636     
           5           8  0.11756318198995044     
           7           8   1.3612933644308201     
           1           9  0.14704516351258975     
           2           9  0.35468016206503267     
           8           9   1.1823513766177891     
           4          10  0.97084718527295788     
           4          11  0.97664666793634392     
           4          12  0.96154592298202712     
           6          13  0.96949965347532641     
           7          14  0.97448582239147641     
           9          15  0.95186417215395469     
           2          16  0.58588141592045295     
           9          16  0.33259032278515549     
           9          17  0.97201670675334972     
