           1           2   1.0286922836341441     
           2           3   1.4893980195559076     
           3           4   1.3596879828223170     
           2           5  0.15800368850512311     
           4           5   1.5258185813520606     
           2           6   1.2599792345638936     
           5           6   1.2036975670009959     
           1           7  0.98373772884528077     
           1           8  0.97235109619147353     
           1           9  0.97173933923471356     
           3          10  0.97523650682371577     
           4          11  0.97042606406337484     
           6          12  0.94432716751482526     
